Wavelength (nm),Sum,Mg I (3.8e-02),Mg II (9.5e-01),Mg III (8.2e-03)
200.11,7.886e-17,,,7.886e-17
200.16,1.907e-16,,,1.907e-16
200.21,4.074e-16,,,4.074e-16
200.26,7.683e-16,,,7.683e-16
200.31,1.279e-15,,,1.279e-15
200.36,1.881e-15,,,1.881e-15
200.41,2.443e-15,,,2.443e-15
200.46,2.801e-15,,,2.801e-15
200.51,2.836e-15,,,2.836e-15
200.56,2.536e-15,,,2.536e-15
200.61,2.002e-15,,,2.002e-15
200.66,1.396e-15,,,1.396e-15
200.72,7.683e-16,,,7.683e-16
200.77,4.074e-16,,,4.074e-16
200.82,1.907e-16,,,1.907e-16
200.87,7.886e-17,,,7.886e-17
200.92,2.879e-17,,,2.879e-17
200.97,9.283e-18,,,9.283e-18
201.02,2.643e-18,,,2.643e-18
201.07,6.643e-19,,,6.643e-19
201.12,1.475e-19,,,1.475e-19
201.17,2.890e-20,,,2.890e-20
201.22,5.003e-21,,,5.003e-21
201.27,7.647e-22,,,7.647e-22
201.32,1.032e-22,,,1.032e-22
201.37,2.841e-7,2.841e-7,,1.230e-23
201.42,5.098e-6,5.098e-6,,1.294e-24
201.47,8.100e-5,8.100e-5,,1.203e-25
201.52,1.139e-3,1.139e-3,,9.870e-27
201.57,1.419e-2,1.419e-2,,7.152e-28
201.62,1.564e-1,1.564e-1,,4.576e-29
201.67,1.527e+0,1.527e+0,,2.585e-30
201.72,1.319e+1,1.319e+1,,
201.77,1.009e+2,1.009e+2,,
201.82,6.833e+2,6.833e+2,,
201.87,4.097e+3,4.097e+3,,
201.92,2.174e+4,2.174e+4,,
201.97,1.022e+5,1.022e+5,,
202.02,4.250e+5,4.250e+5,,
202.07,1.565e+6,1.565e+6,,
202.12,5.102e+6,5.102e+6,,
202.17,1.473e+7,1.473e+7,,
202.22,3.763e+7,3.763e+7,,
202.27,8.512e+7,8.512e+7,,
202.32,1.705e+8,1.705e+8,,
202.37,3.022e+8,3.022e+8,,
202.42,4.743e+8,4.743e+8,,
202.47,6.591e+8,6.591e+8,,
202.52,8.107e+8,8.107e+8,,
202.57,8.829e+8,8.829e+8,,
202.62,8.512e+8,8.512e+8,,
202.67,7.265e+8,7.265e+8,,
202.72,5.490e+8,5.490e+8,,3.798e-30
202.77,3.672e+8,3.672e+8,,6.880e-29
202.82,2.175e+8,2.175e+8,,1.105e-27
202.87,1.140e+8,1.140e+8,,1.574e-26
202.92,5.292e+7,5.292e+7,,1.989e-25
202.97,2.175e+7,2.175e+7,,2.228e-24
203.02,7.911e+6,7.911e+6,,2.213e-23
203.07,2.548e+6,2.548e+6,,1.949e-22
203.12,7.264e+5,7.264e+5,,1.522e-21
203.17,1.833e+5,1.833e+5,,1.054e-20
203.22,4.097e+4,4.097e+4,,6.473e-20
203.27,8.105e+3,8.105e+3,,3.525e-19
203.32,1.419e+3,1.419e+3,,1.702e-18
203.37,2.201e+2,2.201e+2,,7.288e-18
203.42,3.021e+1,3.021e+1,,2.767e-17
203.47,3.670e+0,3.670e+0,,9.318e-17
203.52,3.949e-1,3.949e-1,,2.782e-16
203.57,3.760e-2,3.760e-2,,7.365e-16
203.62,3.171e-3,3.171e-3,,1.729e-15
203.67,2.367e-4,2.367e-4,,3.600e-15
203.72,1.564e-5,1.564e-5,,6.645e-15
203.77,9.149e-7,9.149e-7,,1.088e-14
203.82,4.738e-8,4.738e-8,,1.579e-14
203.87,2.032e-14,,,2.032e-14
203.92,2.319e-14,,,2.319e-14
203.97,2.347e-14,,,2.347e-14
204.02,2.107e-14,,,2.107e-14
204.07,1.677e-14,,,1.677e-14
204.12,1.183e-14,,,1.183e-14
204.17,7.404e-15,,,7.404e-15
204.22,4.108e-15,,,4.108e-15
204.27,2.022e-15,,,2.022e-15
204.32,8.820e-16,,,8.820e-16
204.37,3.413e-16,,,3.413e-16
204.42,1.171e-16,,,1.171e-16
204.47,3.562e-17,,,3.562e-17
204.52,9.609e-18,,,9.609e-18
204.57,2.299e-18,,,2.299e-18
204.62,4.877e-19,,,4.877e-19
204.67,9.194e-20,,,9.194e-20
204.72,1.689e-20,,,1.689e-20
204.77,1.298e-20,,,1.298e-20
204.82,6.432e-20,,,6.432e-20
204.87,3.396e-19,,,3.396e-19
204.92,1.601e-18,,,1.601e-18
204.97,6.701e-18,,,6.701e-18
205.02,2.493e-17,,,2.493e-17
205.07,8.237e-17,,,8.237e-17
205.12,2.418e-16,,,2.418e-16
205.17,6.306e-16,,,6.306e-16
205.22,1.461e-15,,,1.461e-15
205.27,3.007e-15,,,3.007e-15
205.32,5.499e-15,,,5.499e-15
205.37,8.933e-15,,,8.933e-15
205.42,1.289e-14,,,1.289e-14
205.47,1.653e-14,,,1.653e-14
205.52,1.883e-14,,,1.883e-14
205.57,1.905e-14,,,1.905e-14
205.62,1.713e-14,,,1.713e-14
205.67,1.368e-14,,,1.368e-14
205.72,9.705e-15,,,9.705e-15
205.77,6.118e-15,,,6.118e-15
205.82,3.428e-15,,,3.428e-15
205.87,1.716e-15,,,1.716e-15
205.92,7.999e-16,,,7.999e-16
205.97,4.636e-16,,,4.636e-16
206.02,6.394e-16,,,6.394e-16
206.07,1.555e-15,,,1.555e-15
206.12,3.854e-15,,,3.854e-15
206.17,8.639e-15,,,8.639e-15
206.22,1.725e-14,,,1.725e-14
206.27,3.064e-14,,,3.064e-14
206.32,4.841e-14,,,4.841e-14
206.37,6.802e-14,,,6.802e-14
206.42,8.500e-14,,,8.500e-14
206.47,9.446e-14,,,9.446e-14
206.52,9.336e-14,,,9.336e-14
206.57,8.206e-14,,,8.206e-14
206.62,6.415e-14,,,6.415e-14
206.67,4.460e-14,,,4.460e-14
206.72,2.758e-14,,,2.758e-14
206.77,1.516e-14,,,1.516e-14
206.82,7.415e-15,,,7.415e-15
206.87,3.225e-15,,,3.225e-15
206.92,1.247e-15,,,1.247e-15
206.97,4.291e-16,,,4.291e-16
207.02,1.313e-16,,,1.313e-16
207.07,3.572e-17,,,3.572e-17
207.12,8.644e-18,,,8.644e-18
207.17,1.860e-18,,,1.860e-18
207.22,3.560e-19,,,3.560e-19
207.27,6.060e-20,,,6.060e-20
207.32,9.173e-21,,,9.173e-21
207.37,1.235e-21,,,1.235e-21
207.42,1.479e-22,,,1.479e-22
207.47,1.575e-23,,,1.575e-23
207.52,1.520e-24,,,1.520e-24
207.57,4.486e-25,,,4.486e-25
207.62,3.190e-24,,,3.190e-24
207.67,2.791e-23,,,2.791e-23
207.72,2.183e-22,,,2.183e-22
207.77,1.522e-21,,,1.522e-21
207.82,9.464e-21,,,9.464e-21
207.87,5.245e-20,,,5.245e-20
207.92,2.591e-19,,,2.591e-19
207.97,1.141e-18,,,1.141e-18
208.02,4.479e-18,,,4.479e-18
208.07,1.567e-17,,,1.567e-17
208.12,4.889e-17,,,4.889e-17
208.17,1.360e-16,,,1.360e-16
208.22,3.371e-16,,,3.371e-16
208.27,7.449e-16,,,7.449e-16
208.32,1.467e-15,,,1.467e-15
208.37,2.577e-15,,,2.577e-15
208.42,4.034e-15,,,4.034e-15
208.47,5.630e-15,,,5.630e-15
208.52,7.004e-15,,,7.004e-15
208.57,7.771e-15,,,7.771e-15
208.62,7.695e-15,,,7.695e-15
208.67,6.827e-15,,,6.827e-15
208.72,5.510e-15,,,5.510e-15
208.77,4.272e-15,,,4.272e-15
208.82,3.711e-15,,,3.711e-15
208.87,4.415e-15,,,4.415e-15
208.92,6.909e-15,,,6.909e-15
208.97,1.151e-14,,,1.151e-14
209.02,1.804e-14,,,1.804e-14
209.07,2.559e-14,,,2.559e-14
209.12,3.249e-14,,,3.249e-14
209.17,3.684e-14,,,3.684e-14
209.22,3.726e-14,,,3.726e-14
209.27,3.364e-14,,,3.364e-14
209.32,2.713e-14,,,2.713e-14
209.37,1.964e-14,,,1.964e-14
209.42,1.297e-14,,,1.297e-14
209.47,8.258e-15,,,8.258e-15
209.52,5.871e-15,,,5.871e-15
209.57,5.571e-15,,,5.571e-15
209.62,6.779e-15,,,6.779e-15
209.67,8.738e-15,,,8.738e-15
209.72,1.062e-14,,,1.062e-14
209.77,1.170e-14,,,1.170e-14
209.82,1.155e-14,,,1.155e-14
209.87,1.019e-14,,,1.019e-14
209.92,8.028e-15,,,8.028e-15
209.97,5.645e-15,,,5.645e-15
210.02,3.543e-15,,,3.543e-15
210.07,1.985e-15,,,1.985e-15
210.12,9.926e-16,,,9.926e-16
210.17,4.431e-16,,,4.431e-16
210.22,1.765e-16,,,1.765e-16
210.27,6.279e-17,,,6.279e-17
210.32,1.993e-17,,,1.993e-17
210.37,5.649e-18,,,5.649e-18
210.42,1.430e-18,,,1.430e-18
210.47,3.286e-19,,,3.286e-19
210.52,9.963e-20,,,9.963e-20
210.57,1.913e-19,,,1.913e-19
210.62,8.352e-19,,,8.352e-19
210.67,3.456e-18,,,3.456e-18
210.72,1.282e-17,,,1.282e-17
210.77,4.249e-17,,,4.249e-17
210.82,1.259e-16,,,1.259e-16
210.87,3.337e-16,,,3.337e-16
210.92,7.905e-16,,,7.905e-16
210.97,1.674e-15,,,1.674e-15
211.02,3.171e-15,,,3.171e-15
211.07,5.368e-15,,,5.368e-15
211.12,8.124e-15,,,8.124e-15
211.17,1.099e-14,,,1.099e-14
211.22,1.330e-14,,,1.330e-14
211.27,1.438e-14,,,1.438e-14
211.32,1.391e-14,,,1.391e-14
211.37,1.202e-14,,,1.202e-14
211.42,9.293e-15,,,9.293e-15
211.47,6.421e-15,,,6.421e-15
211.52,3.967e-15,,,3.967e-15
211.57,2.191e-15,,,2.191e-15
211.62,1.082e-15,,,1.082e-15
211.67,4.776e-16,,,4.776e-16
211.72,1.885e-16,,,1.885e-16
211.77,6.650e-17,,,6.650e-17
211.82,2.098e-17,,,2.098e-17
211.87,5.917e-18,,,5.917e-18
211.92,1.492e-18,,,1.492e-18
211.97,3.363e-19,,,3.363e-19
212.02,6.778e-20,,,6.778e-20
212.07,1.221e-20,,,1.221e-20
212.12,1.967e-21,,,1.967e-21
212.17,2.834e-22,,,2.834e-22
212.22,3.648e-23,,,3.648e-23
212.27,4.208e-24,,,4.208e-24
212.32,5.268e-25,,,5.268e-25
212.37,9.986e-25,,,9.986e-25
212.42,8.716e-24,,,8.716e-24
212.47,7.093e-23,,,7.093e-23
212.52,5.174e-22,,,5.174e-22
212.57,3.382e-21,,,3.382e-21
212.62,1.981e-20,,,1.981e-20
212.67,1.040e-19,,,1.040e-19
212.72,4.888e-19,,,4.888e-19
212.77,2.060e-18,,,2.060e-18
212.82,7.775e-18,,,7.775e-18
212.87,2.630e-17,,,2.630e-17
212.92,7.972e-17,,,7.972e-17
212.97,2.165e-16,,,2.165e-16
213.02,5.268e-16,,,5.268e-16
213.07,1.149e-15,,,1.149e-15
213.12,2.244e-15,,,2.244e-15
213.17,3.929e-15,,,3.929e-15
213.22,6.162e-15,,,6.162e-15
213.27,8.660e-15,,,8.660e-15
213.32,1.091e-14,,,1.091e-14
213.37,1.231e-14,,,1.231e-14
213.42,1.244e-14,,,1.244e-14
213.47,1.127e-14,,,1.127e-14
213.52,9.149e-15,,,9.149e-15
213.57,6.654e-15,,,6.654e-15
213.62,4.337e-15,,,4.337e-15
213.67,2.532e-15,,,2.532e-15
213.72,1.325e-15,,,1.325e-15
213.77,6.211e-16,,,6.211e-16
213.82,2.609e-16,,,2.609e-16
213.87,9.821e-17,,,9.821e-17
213.92,3.312e-17,,,3.312e-17
213.97,1.001e-17,,,1.001e-17
214.02,2.710e-18,,,2.710e-18
214.07,6.575e-19,,,6.575e-19
214.12,1.429e-19,,,1.429e-19
214.17,2.784e-20,,,2.784e-20
214.22,4.859e-21,,,4.859e-21
214.27,7.599e-22,,,7.599e-22
214.32,1.065e-22,,,1.065e-22
214.37,1.337e-23,,,1.337e-23
214.42,1.504e-24,,,1.504e-24
214.47,1.516e-25,,,1.516e-25
214.52,1.369e-26,,,1.369e-26
214.57,1.108e-27,,,1.108e-27
214.62,8.036e-29,,,8.036e-29
214.67,5.221e-30,,,5.221e-30
216.47,6.766e-30,,,6.766e-30
216.52,9.953e-29,,,9.953e-29
216.57,1.318e-27,,,1.318e-27
216.62,1.570e-26,,,1.570e-26
216.67,1.683e-25,,,1.683e-25
216.72,1.624e-24,,,1.624e-24
216.77,1.410e-23,,,1.410e-23
216.82,1.102e-22,,,1.102e-22
216.87,7.747e-22,,,7.747e-22
216.92,4.903e-21,,,4.903e-21
216.97,2.792e-20,,,2.792e-20
217.02,1.431e-19,,,1.431e-19
217.07,6.601e-19,,,6.601e-19
217.12,2.740e-18,,,2.740e-18
217.17,1.024e-17,,,1.024e-17
217.22,3.441e-17,,,3.441e-17
217.27,1.041e-16,,,1.041e-16
217.32,2.835e-16,,,2.835e-16
217.37,6.945e-16,,,6.945e-16
217.42,1.531e-15,,,1.531e-15
217.47,3.039e-15,,,3.039e-15
217.52,5.427e-15,,,5.427e-15
217.57,8.722e-15,,,8.722e-15
217.62,1.262e-14,,,1.262e-14
217.67,1.642e-14,,,1.642e-14
217.72,1.923e-14,,,1.923e-14
217.77,2.027e-14,,,2.027e-14
217.82,1.923e-14,,,1.923e-14
217.87,1.642e-14,,,1.642e-14
217.92,1.262e-14,,,1.262e-14
217.97,8.722e-15,,,8.722e-15
218.02,5.427e-15,,,5.427e-15
218.07,3.039e-15,,,3.039e-15
218.12,1.531e-15,,,1.531e-15
218.17,6.945e-16,,,6.945e-16
218.22,2.835e-16,,,2.835e-16
218.27,1.041e-16,,,1.041e-16
218.32,3.441e-17,,,3.441e-17
218.37,1.024e-17,,,1.024e-17
218.42,2.740e-18,,,2.740e-18
218.47,6.601e-19,,,6.601e-19
218.52,1.431e-19,,,1.431e-19
218.57,2.792e-20,,,2.792e-20
218.62,4.903e-21,,,4.903e-21
218.67,7.747e-22,,,7.747e-22
218.72,1.102e-22,,,1.102e-22
218.77,1.410e-23,,,1.410e-23
218.82,1.624e-24,,,1.624e-24
218.87,1.683e-25,,,1.683e-25
218.92,1.570e-26,,,1.570e-26
218.97,1.318e-27,,,1.318e-27
219.02,9.953e-29,,,9.953e-29
219.07,6.766e-30,,,6.766e-30
224.02,3.870e-10,,3.870e-10,
224.07,5.465e-9,,5.465e-9,
224.12,6.993e-8,,6.993e-8,
224.17,8.111e-7,,8.111e-7,
224.22,8.524e-6,,8.524e-6,
224.27,8.120e-5,,8.120e-5,
224.32,7.009e-4,,7.009e-4,
224.37,5.483e-3,,5.483e-3,
224.42,3.888e-2,,3.888e-2,
224.47,2.498e-1,,2.498e-1,
224.52,1.454e+0,,1.454e+0,
224.57,7.676e+0,,7.676e+0,
224.62,3.671e+1,,3.671e+1,
224.67,1.591e+2,,1.591e+2,
224.72,6.249e+2,,6.249e+2,
224.77,2.225e+3,,2.225e+3,
224.82,7.177e+3,,7.177e+3,
224.87,2.098e+4,,2.098e+4,
224.92,5.559e+4,,5.559e+4,
224.97,1.335e+5,,1.335e+5,
225.02,2.905e+5,,2.905e+5,
225.07,5.729e+5,,5.729e+5,
225.12,1.024e+6,,1.024e+6,
225.17,1.659e+6,,1.659e+6,
225.22,2.435e+6,,2.435e+6,
225.27,3.239e+6,,3.239e+6,
225.32,3.905e+6,,3.905e+6,
225.37,4.267e+6,,4.267e+6,
225.42,4.225e+6,,4.225e+6,
225.47,3.791e+6,,3.791e+6,
225.52,3.083e+6,,3.083e+6,
225.57,2.273e+6,,2.273e+6,
225.62,1.518e+6,,1.518e+6,
225.67,9.189e+5,,9.189e+5,
225.72,5.041e+5,,5.041e+5,
225.77,2.506e+5,,2.506e+5,
225.82,1.129e+5,,1.129e+5,
225.87,4.611e+4,,4.611e+4,
225.92,1.706e+4,,1.706e+4,
225.97,5.723e+3,,5.723e+3,
226.02,1.739e+3,,1.739e+3,
226.07,4.791e+2,,4.791e+2,
226.12,1.196e+2,,1.196e+2,
226.17,2.706e+1,,2.706e+1,
226.22,5.547e+0,,5.547e+0,
226.27,1.031e+0,,1.031e+0,
226.32,1.735e-1,,1.735e-1,
226.37,2.648e-2,,2.648e-2,
226.42,3.663e-3,,3.663e-3,
226.47,4.590e-4,,4.590e-4,
226.52,5.214e-5,,5.214e-5,
226.57,5.367e-6,,5.367e-6,
226.62,5.007e-7,,5.007e-7,
226.67,4.233e-8,,4.233e-8,
226.72,3.244e-9,,3.244e-9,
226.77,9.289e-11,,9.289e-11,
231.58,3.519e-9,,3.519e-9,
231.63,4.273e-8,,4.273e-8,
231.68,4.732e-7,,4.732e-7,
231.73,4.779e-6,,4.779e-6,
231.78,4.402e-5,,4.402e-5,
231.83,3.698e-4,,3.698e-4,
231.88,2.833e-3,,2.833e-3,
231.93,1.979e-2,,1.979e-2,
231.98,1.261e-1,,1.261e-1,
232.03,7.329e-1,,7.329e-1,
232.08,3.884e+0,,3.884e+0,
232.13,1.877e+1,,1.877e+1,
232.18,8.273e+1,,8.273e+1,
232.23,3.326e+2,,3.326e+2,
232.28,1.219e+3,,1.219e+3,
232.33,4.076e+3,,4.076e+3,
232.38,1.243e+4,,1.243e+4,
232.43,3.456e+4,,3.456e+4,
232.48,8.763e+4,,8.763e+4,
232.53,2.027e+5,,2.027e+5,
232.58,4.274e+5,,4.274e+5,
232.63,8.222e+5,,8.222e+5,
232.68,1.442e+6,,1.442e+6,
232.73,2.307e+6,,2.307e+6,
232.78,3.366e+6,,3.366e+6,
232.83,4.479e+6,,4.479e+6,
232.88,5.435e+6,,5.435e+6,
232.93,6.015e+6,,6.015e+6,
232.98,6.071e+6,,6.071e+6,
233.03,5.588e+6,,5.588e+6,
233.08,4.690e+6,,4.690e+6,
233.13,3.591e+6,,3.591e+6,
233.18,2.507e+6,,2.507e+6,
233.23,1.596e+6,,1.596e+6,
233.28,9.268e+5,,9.268e+5,
233.33,4.908e+5,,4.908e+5,
233.38,2.370e+5,,2.370e+5,
233.43,1.044e+5,,1.044e+5,
233.48,4.193e+4,,4.193e+4,
233.53,1.536e+4,,1.536e+4,
233.58,5.132e+3,,5.132e+3,
233.63,1.563e+3,,1.563e+3,
233.68,4.344e+2,,4.344e+2,
233.73,1.101e+2,,1.101e+2,
233.78,2.544e+1,,2.544e+1,
233.83,5.362e+0,,5.362e+0,
233.88,1.031e+0,,1.031e+0,
233.93,1.806e-1,,1.806e-1,
233.98,2.888e-2,,2.888e-2,
234.03,4.210e-3,,4.210e-3,
234.08,5.598e-4,,5.598e-4,
234.13,6.788e-5,,6.788e-5,
234.18,7.506e-6,,7.506e-6,
234.23,7.570e-7,,7.570e-7,
234.28,6.963e-8,,6.963e-8,
234.33,5.840e-9,,5.840e-9,
234.38,4.468e-10,,4.468e-10,
238.08,5.526e-30,,,5.526e-30
238.13,6.511e-29,,,6.511e-29
238.18,7.031e-28,,,7.031e-28
238.23,6.958e-27,,,6.958e-27
238.28,6.312e-26,,,6.312e-26
238.33,5.248e-25,,,5.248e-25
238.38,3.999e-24,,,3.999e-24
238.43,2.793e-23,,,2.793e-23
238.48,1.787e-22,,,1.787e-22
238.53,1.049e-21,,,1.049e-21
238.58,5.639e-21,,,5.639e-21
238.63,2.779e-20,,,2.779e-20
238.68,1.255e-19,,,1.255e-19
238.73,5.196e-19,,,5.196e-19
238.78,1.972e-18,,,1.972e-18
238.83,6.856e-18,,,6.856e-18
238.88,2.185e-17,,,2.185e-17
238.93,6.384e-17,,,6.384e-17
238.98,1.709e-16,,,1.709e-16
239.03,4.195e-16,,,4.195e-16
239.08,9.434e-16,,,9.434e-16
239.13,1.945e-15,,,1.945e-15
239.18,3.675e-15,,,3.675e-15
239.23,6.363e-15,,,6.363e-15
239.28,1.010e-14,,,1.010e-14
239.33,1.469e-14,,,1.469e-14
239.38,1.959e-14,,,1.959e-14
239.43,2.393e-14,,,2.393e-14
239.48,2.681e-14,,,2.681e-14
239.53,2.752e-14,,,2.752e-14
239.58,2.589e-14,,,2.589e-14
239.63,2.232e-14,,,2.232e-14
239.68,1.764e-14,,,1.764e-14
239.73,1.278e-14,,,1.278e-14
239.78,8.484e-15,,,8.484e-15
239.83,5.162e-15,,,5.162e-15
239.88,2.879e-15,,,2.879e-15
239.93,1.472e-15,,,1.472e-15
239.98,6.894e-16,,,6.894e-16
240.03,2.960e-16,,,2.960e-16
240.08,1.165e-16,,,1.165e-16
240.13,4.202e-17,,,4.202e-17
240.18,1.389e-17,,,1.389e-17
240.23,4.208e-18,,,4.208e-18
240.28,1.169e-18,,,1.169e-18
240.33,2.975e-19,,,2.975e-19
240.38,6.939e-20,,,6.939e-20
240.43,1.484e-20,,,1.484e-20
240.48,2.907e-21,,,2.907e-21
240.53,5.222e-22,,,5.222e-22
240.58,8.596e-23,,,8.596e-23
240.63,1.297e-23,,,1.297e-23
240.68,1.793e-24,,,1.793e-24
240.73,2.273e-25,,,2.273e-25
240.78,2.640e-26,,,2.640e-26
240.83,2.811e-27,,,2.811e-27
240.88,2.743e-28,,,2.743e-28
240.93,2.453e-29,,,2.453e-29
240.98,2.011e-30,,,2.011e-30
243.48,1.599e-9,,1.599e-9,
243.53,1.806e-8,,1.806e-8,
243.58,1.878e-7,,1.878e-7,
243.63,1.796e-6,,1.796e-6,
243.68,1.581e-5,,1.581e-5,
243.73,1.280e-4,,1.280e-4,
243.78,9.537e-4,,9.537e-4,
243.83,6.537e-3,,6.537e-3,
243.88,4.122e-2,,4.122e-2,
243.93,2.392e-1,,2.392e-1,
243.98,1.277e+0,,1.277e+0,
244.03,6.270e+0,,6.270e+0,
244.08,2.833e+1,,2.833e+1,
244.13,1.178e+2,,1.178e+2,
244.18,4.506e+2,,4.506e+2,
244.23,1.586e+3,,1.586e+3,
244.28,5.134e+3,,5.134e+3,
244.33,1.529e+4,,1.529e+4,
244.38,4.192e+4,,4.192e+4,
244.43,1.057e+5,,1.057e+5,
244.48,2.452e+5,,2.452e+5,
244.53,5.235e+5,,5.235e+5,
244.58,1.028e+6,,1.028e+6,
244.63,1.858e+6,,1.858e+6,
244.68,3.088e+6,,3.088e+6,
244.73,4.724e+6,,4.724e+6,
244.78,6.648e+6,,6.648e+6,
244.83,8.607e+6,,8.607e+6,
244.88,1.025e+7,,1.025e+7,
244.93,1.124e+7,,1.124e+7,
244.98,1.133e+7,,1.133e+7,
245.03,1.051e+7,,1.051e+7,
245.08,8.973e+6,,8.973e+6,
245.13,7.047e+6,,7.047e+6,
245.18,5.092e+6,,5.092e+6,
245.23,3.385e+6,,3.385e+6,
245.28,2.070e+6,,2.070e+6,9.668e-31
245.33,1.165e+6,,1.165e+6,1.089e-29
245.38,6.032e+5,,6.032e+5,1.131e-28
245.43,2.873e+5,,2.873e+5,1.082e-27
245.48,1.259e+5,,1.259e+5,9.527e-27
245.53,5.077e+4,,5.077e+4,7.731e-26
245.58,1.884e+4,,1.884e+4,5.779e-25
245.63,6.429e+3,,6.429e+3,3.979e-24
245.68,2.019e+3,,2.019e+3,2.524e-23
245.73,5.834e+2,,5.834e+2,1.475e-22
245.78,1.551e+2,,1.551e+2,7.937e-22
245.83,3.793e+1,,3.793e+1,3.935e-21
245.88,8.535e+0,,8.535e+0,1.797e-20
245.93,1.767e+0,,1.767e+0,7.563e-20
245.98,3.366e-1,,3.366e-1,2.931e-19
246.03,5.898e-2,,5.898e-2,1.046e-18
246.08,9.511e-3,,9.511e-3,3.441e-18
246.13,1.411e-3,,1.411e-3,1.043e-17
246.18,1.926e-4,,1.926e-4,2.910e-17
246.23,2.418e-5,,2.418e-5,7.480e-17
246.28,2.794e-6,,2.794e-6,1.771e-16
246.33,2.970e-7,,2.970e-7,3.864e-16
246.38,2.905e-8,,2.905e-8,7.765e-16
246.43,2.614e-9,,2.614e-9,1.437e-15
246.48,2.451e-15,,,2.451e-15
246.53,3.850e-15,,,3.850e-15
246.58,5.571e-15,,,5.571e-15
246.63,7.425e-15,,,7.425e-15
246.68,9.117e-15,,,9.117e-15
246.73,1.031e-14,,,1.031e-14
246.78,1.074e-14,,,1.074e-14
246.83,1.031e-14,,,1.031e-14
246.88,9.117e-15,,,9.117e-15
246.93,7.425e-15,,,7.425e-15
246.98,5.571e-15,,,5.571e-15
247.03,3.850e-15,,,3.850e-15
247.08,2.451e-15,,,2.451e-15
247.13,1.437e-15,,,1.437e-15
247.18,7.765e-16,,,7.765e-16
247.23,3.864e-16,,,3.864e-16
247.28,1.771e-16,,,1.771e-16
247.33,7.480e-17,,,7.480e-17
247.38,2.910e-17,,,2.910e-17
247.43,1.043e-17,,,1.043e-17
247.48,3.441e-18,,,3.441e-18
247.53,1.046e-18,,,1.046e-18
247.58,2.931e-19,,,2.931e-19
247.63,7.563e-20,,,7.563e-20
247.68,1.797e-20,,,1.797e-20
247.73,3.935e-21,,,3.935e-21
247.78,7.937e-22,,,7.937e-22
247.83,1.475e-22,,,1.475e-22
247.88,2.524e-23,,,2.524e-23
247.93,3.987e-24,,,3.987e-24
247.98,6.248e-25,,,6.248e-25
248.03,3.302e-25,,,3.302e-25
248.08,1.267e-24,,,1.267e-24
248.13,5.771e-24,,,5.771e-24
248.18,2.443e-23,,,2.443e-23
248.23,9.539e-23,,,9.539e-23
248.28,3.436e-22,,,3.436e-22
248.33,1.142e-21,,,1.142e-21
248.38,3.502e-21,,,3.502e-21
248.43,9.907e-21,,,9.907e-21
248.48,2.586e-20,,,2.586e-20
248.53,6.225e-20,,,6.225e-20
248.58,1.383e-19,,,1.383e-19
248.63,2.833e-19,,,2.833e-19
248.68,5.356e-19,,,5.356e-19
248.73,9.341e-19,,,9.341e-19
248.78,1.503e-18,,,1.503e-18
248.83,2.231e-18,,,2.231e-18
248.88,3.055e-18,,,3.055e-18
248.93,3.860e-18,,,3.860e-18
248.98,4.499e-18,,,4.499e-18
249.03,4.837e-18,,,4.837e-18
249.08,4.798e-18,,,4.798e-18
249.13,4.391e-18,,,4.391e-18
249.18,3.707e-18,,,3.707e-18
249.23,2.888e-18,,,2.888e-18
249.28,2.075e-18,,,2.075e-18
249.33,1.375e-18,,,1.375e-18
249.38,8.412e-19,,,8.412e-19
249.43,4.746e-19,,,4.746e-19
249.48,2.470e-19,,,2.470e-19
249.53,1.186e-19,,,1.186e-19
249.58,5.256e-20,,,5.256e-20
249.63,2.148e-20,,,2.148e-20
249.68,8.099e-21,,,8.099e-21
249.73,2.817e-21,,,2.817e-21
249.78,9.041e-22,,,9.041e-22
249.83,2.677e-22,,,2.677e-22
249.88,7.311e-23,,,7.311e-23
249.93,1.842e-23,,,1.842e-23
249.98,4.282e-24,,,4.282e-24
250.03,9.184e-25,,,9.184e-25
250.08,1.817e-25,,,1.817e-25
250.13,3.316e-26,,,3.316e-26
250.18,5.585e-27,,,5.585e-27
250.23,8.676e-28,,,8.676e-28
250.28,1.243e-28,,,1.243e-28
250.33,1.644e-29,,,1.644e-29
250.38,2.005e-30,,,2.005e-30
250.43,2.257e-31,,,2.257e-31
250.48,2.343e-32,,,2.343e-32
250.53,2.244e-33,,,2.244e-33
251.38,2.215e-31,,,2.215e-31
251.43,2.366e-30,,,2.366e-30
251.48,2.337e-29,,,2.337e-29
251.53,2.135e-28,,,2.135e-28
251.58,1.803e-27,,,1.803e-27
251.63,1.409e-26,,,1.409e-26
251.68,1.018e-25,,,1.018e-25
251.73,6.801e-25,,,6.801e-25
251.78,4.203e-24,,,4.203e-24
251.83,2.402e-23,,,2.402e-23
251.88,1.269e-22,,,1.269e-22
251.93,6.204e-22,,,6.204e-22
251.98,2.804e-21,,,2.804e-21
252.03,1.172e-20,,,1.172e-20
252.08,4.532e-20,,,4.532e-20
252.13,1.620e-19,,,1.620e-19
252.18,5.358e-19,,,5.358e-19
252.23,1.638e-18,,,1.638e-18
252.28,4.634e-18,,,4.634e-18
252.33,1.212e-17,,,1.212e-17
252.38,2.931e-17,,,2.931e-17
252.43,6.557e-17,,,6.557e-17
252.48,1.356e-16,,,1.356e-16
252.53,2.595e-16,,,2.595e-16
252.58,4.591e-16,,,4.591e-16
252.63,7.513e-16,,,7.513e-16
252.68,1.137e-15,,,1.137e-15
252.73,1.591e-15,,,1.591e-15
252.78,2.059e-15,,,2.059e-15
252.83,2.465e-15,,,2.465e-15
252.88,2.729e-15,,,2.729e-15
252.93,2.793e-15,,,2.793e-15
252.98,2.645e-15,,,2.645e-15
253.03,2.315e-15,,,2.315e-15
253.08,1.875e-15,,,1.875e-15
253.13,1.404e-15,,,1.404e-15
253.18,9.724e-16,,,9.724e-16
253.23,6.228e-16,,,6.228e-16
253.28,3.689e-16,,,3.689e-16
253.33,2.021e-16,,,2.021e-16
253.38,1.024e-16,,,1.024e-16
253.43,4.796e-17,,,4.796e-17
253.48,2.078e-17,,,2.078e-17
253.53,8.328e-18,,,8.328e-18
253.58,3.086e-18,,,3.086e-18
253.63,1.058e-18,,,1.058e-18
253.68,3.352e-19,,,3.352e-19
253.73,9.826e-20,,,9.826e-20
253.78,2.664e-20,,,2.664e-20
253.83,6.678e-21,,,6.678e-21
253.88,1.548e-21,,,1.548e-21
253.93,3.320e-22,,,3.320e-22
253.98,6.583e-23,,,6.583e-23
254.03,1.207e-23,,,1.207e-23
254.08,2.047e-24,,,2.047e-24
254.13,3.211e-25,,,3.211e-25
254.18,4.658e-26,,,4.658e-26
254.23,6.249e-27,,,6.249e-27
254.28,7.753e-28,,,7.753e-28
254.33,8.895e-29,,,8.895e-29
254.38,9.438e-30,,,9.438e-30
254.43,9.262e-31,,,9.262e-31
260.23,7.317e-34,,,7.317e-34
260.28,6.971e-33,,,6.971e-33
260.33,6.175e-32,,,6.175e-32
260.38,5.084e-31,,,5.084e-31
260.43,3.892e-30,,,3.892e-30
260.48,2.769e-29,,,2.769e-29
260.53,1.832e-28,,,1.832e-28
260.58,1.127e-27,,,1.127e-27
260.63,6.442e-27,,,6.442e-27
260.68,3.424e-26,,,3.424e-26
260.73,1.692e-25,,,1.692e-25
260.78,7.772e-25,,,7.772e-25
260.83,3.319e-24,,,3.319e-24
260.88,1.318e-23,,,1.318e-23
260.93,4.863e-23,,,4.863e-23
260.98,1.669e-22,,,1.669e-22
261.03,5.322e-22,,,5.322e-22
261.08,1.578e-21,,,1.578e-21
261.13,4.350e-21,,,4.350e-21
261.18,1.115e-20,,,1.115e-20
261.23,2.656e-20,,,2.656e-20
261.28,5.883e-20,,,5.883e-20
261.33,1.211e-19,,,1.211e-19
261.38,2.318e-19,,,2.318e-19
261.43,4.126e-19,,,4.126e-19
261.48,6.825e-19,,,6.825e-19
261.53,1.050e-18,,,1.050e-18
261.58,1.501e-18,,,1.501e-18
261.63,1.994e-18,,,1.994e-18
261.68,2.464e-18,,,2.464e-18
261.73,2.831e-18,,,2.831e-18
261.78,3.023e-18,,,3.023e-18
261.83,3.001e-18,,,3.001e-18
261.88,2.769e-18,,,2.769e-18
261.93,2.376e-18,,,2.376e-18
261.98,1.895e-18,,,1.895e-18
262.03,1.405e-18,,,1.405e-18
262.08,9.687e-19,,,9.687e-19
262.13,6.207e-19,,,6.207e-19
262.18,3.698e-19,,,3.698e-19
262.23,2.048e-19,,,2.048e-19
262.28,1.054e-19,,,1.054e-19
262.33,5.047e-20,,,5.047e-20
262.38,2.246e-20,,,2.246e-20
262.44,7.719e-21,,,7.719e-21
262.49,2.925e-21,,,2.925e-21
262.54,1.031e-21,,,1.031e-21
262.59,3.376e-22,,,3.376e-22
262.64,1.028e-22,,,1.028e-22
262.69,2.910e-23,,,2.910e-23
262.74,7.658e-24,,,7.658e-24
262.79,1.873e-24,,,1.873e-24
262.84,4.261e-25,,,4.261e-25
262.89,9.009e-26,,,9.009e-26
262.94,1.771e-26,,,1.771e-26
262.99,3.236e-27,,,3.236e-27
263.04,5.497e-28,,,5.497e-28
263.09,8.680e-29,,,8.680e-29
263.14,1.274e-29,,,1.274e-29
263.19,1.739e-30,,,1.739e-30
263.24,2.207e-31,,,2.207e-31
263.29,2.603e-32,,,2.603e-32
263.34,2.855e-33,,,2.855e-33
263.39,2.910e-34,,,2.910e-34
264.49,7.905e-9,,7.905e-9,
264.54,7.210e-8,,7.210e-8,
264.59,6.127e-7,,6.127e-7,
264.64,4.852e-6,,4.852e-6,
264.69,3.581e-5,,3.581e-5,
264.74,2.462e-4,,2.462e-4,
264.79,1.577e-3,,1.577e-3,
264.84,9.418e-3,,9.418e-3,
264.89,5.239e-2,,5.239e-2,
264.94,2.716e-1,,2.716e-1,
264.99,1.312e+0,,1.312e+0,
265.04,5.905e+0,,5.905e+0,
265.09,2.476e+1,,2.476e+1,
265.14,9.678e+1,,9.678e+1,
265.19,3.524e+2,,3.524e+2,
265.24,1.196e+3,,1.196e+3,
265.29,3.781e+3,,3.781e+3,
265.34,1.114e+4,,1.114e+4,
265.39,3.059e+4,,3.059e+4,
265.44,7.824e+4,,7.824e+4,
265.49,1.865e+5,,1.865e+5,
265.54,4.143e+5,,4.143e+5,
265.59,8.575e+5,,8.575e+5,
265.64,1.654e+6,,1.654e+6,
265.69,2.972e+6,,2.972e+6,
265.74,4.977e+6,,4.977e+6,
265.79,7.766e+6,,7.766e+6,
265.84,1.129e+7,,1.129e+7,
265.89,1.530e+7,,1.530e+7,
265.94,1.931e+7,,1.931e+7,
265.99,2.272e+7,,2.272e+7,
266.04,2.490e+7,,2.490e+7,
266.09,2.544e+7,,2.544e+7,
266.14,2.421e+7,,2.421e+7,
266.19,2.147e+7,,2.147e+7,
266.24,1.774e+7,,1.774e+7,
266.29,1.366e+7,,1.366e+7,
266.34,9.804e+6,,9.804e+6,
266.39,6.555e+6,,6.555e+6,
266.44,4.084e+6,,4.084e+6,
266.49,2.371e+6,,2.371e+6,
266.54,1.282e+6,,1.282e+6,
266.59,6.464e+5,,6.464e+5,
266.64,3.036e+5,,3.036e+5,
266.69,1.329e+5,,1.329e+5,
266.74,5.419e+4,,5.419e+4,
266.79,2.059e+4,,2.059e+4,
266.84,7.293e+3,,7.293e+3,
266.89,2.406e+3,,2.406e+3,
266.94,7.398e+2,,7.398e+2,
266.99,2.120e+2,,2.120e+2,
267.04,5.658e+1,,5.658e+1,
267.09,1.408e+1,,1.408e+1,
267.14,3.262e+0,,3.262e+0,
267.19,7.046e-1,,7.046e-1,
267.24,1.418e-1,,1.418e-1,
267.29,2.660e-2,,2.660e-2,
267.34,4.648e-3,,4.648e-3,
267.39,7.568e-4,,7.568e-4,
267.44,1.148e-4,,1.148e-4,
267.49,1.623e-5,,1.623e-5,
267.54,2.139e-6,,2.139e-6,
267.59,2.625e-7,,2.625e-7,
267.64,3.003e-8,,3.003e-8,
267.69,3.201e-9,,3.201e-9,
271.54,1.659e-9,1.659e-9,,
271.59,1.484e-8,1.484e-8,,
271.64,1.240e-7,1.240e-7,,
271.69,9.738e-7,9.738e-7,,
271.74,7.127e-6,7.127e-6,,
271.79,4.879e-5,4.879e-5,,
271.84,3.125e-4,3.125e-4,,
271.89,1.872e-3,1.872e-3,,
271.94,1.049e-2,1.049e-2,,
271.99,5.501e-2,5.501e-2,,
272.04,2.699e-1,2.699e-1,,
272.09,1.239e+0,1.239e+0,,
272.14,5.325e+0,5.325e+0,,
272.19,2.142e+1,2.142e+1,,
272.24,8.065e+1,8.065e+1,,
272.29,2.844e+2,2.844e+2,,
272.34,9.394e+2,9.394e+2,,
272.39,2.907e+3,2.907e+3,,
272.44,8.435e+3,8.435e+3,,
272.49,2.295e+4,2.295e+4,,
272.54,5.857e+4,5.857e+4,,
272.59,1.404e+5,1.404e+5,,
272.64,3.159e+5,3.159e+5,,
272.69,6.685e+5,6.685e+5,,
272.74,1.331e+6,1.331e+6,,
272.79,2.495e+6,2.495e+6,,
272.84,4.409e+6,4.409e+6,,
272.89,7.351e+6,7.351e+6,,
272.94,1.158e+7,1.158e+7,,
272.99,1.725e+7,1.725e+7,,
273.04,2.435e+7,2.435e+7,,
273.09,3.265e+7,3.265e+7,,
273.14,4.168e+7,4.168e+7,,
273.19,5.087e+7,5.087e+7,,
273.24,5.965e+7,5.965e+7,,
273.29,6.763e+7,6.763e+7,,
273.34,7.465e+7,7.465e+7,,
273.39,8.072e+7,8.072e+7,,
273.44,8.586e+7,8.586e+7,,
273.49,8.988e+7,8.988e+7,,
273.54,9.226e+7,9.226e+7,,
273.59,9.224e+7,9.224e+7,,
273.64,8.911e+7,8.911e+7,,
273.69,8.253e+7,8.253e+7,,
273.74,7.277e+7,7.277e+7,,
273.79,6.078e+7,6.078e+7,,
273.84,4.790e+7,4.790e+7,,
273.89,3.552e+7,3.552e+7,,
273.94,2.474e+7,2.474e+7,,
273.99,1.616e+7,1.616e+7,,
274.04,9.889e+6,9.889e+6,,
274.09,5.668e+6,5.668e+6,,
274.14,3.041e+6,3.041e+6,,
274.19,1.527e+6,1.527e+6,,
274.24,7.178e+5,7.178e+5,,
274.29,3.156e+5,3.156e+5,,
274.34,1.298e+5,1.298e+5,,
274.39,4.996e+4,4.996e+4,,
274.44,1.798e+4,1.798e+4,,
274.49,6.056e+3,6.056e+3,,
274.54,1.908e+3,1.908e+3,,
274.59,5.621e+2,5.621e+2,,
274.64,1.550e+2,1.550e+2,,
274.69,3.995e+1,3.995e+1,,
274.74,9.636e+0,9.636e+0,,
274.79,2.174e+0,2.174e+0,,
274.84,4.588e-1,4.588e-1,,
274.89,9.058e-2,9.058e-2,,
274.94,1.673e-2,1.673e-2,,
274.99,2.889e-3,2.889e-3,,
275.04,4.669e-4,4.669e-4,,
275.09,7.056e-5,7.056e-5,,
275.14,9.976e-6,9.976e-6,,
275.19,1.319e-6,1.319e-6,,
275.24,1.632e-7,1.632e-7,,
275.29,1.889e-8,1.889e-8,,
275.99,7.438e-8,7.438e-8,,
276.04,6.363e-7,6.363e-7,,
276.09,5.102e-6,5.102e-6,,
276.14,3.838e-5,3.838e-5,,
276.19,2.704e-4,2.704e-4,,
276.24,1.785e-3,1.785e-3,,
276.29,1.105e-2,1.105e-2,,
276.34,6.408e-2,6.408e-2,,
276.39,3.484e-1,3.484e-1,,
276.44,1.776e+0,1.776e+0,,
276.49,8.481e+0,8.481e+0,,
276.54,3.798e+1,3.798e+1,,
276.59,1.594e+2,1.594e+2,,
276.64,6.274e+2,6.274e+2,,
276.69,2.315e+3,2.315e+3,,
276.74,8.009e+3,8.009e+3,,
276.79,2.599e+4,2.599e+4,,
276.84,7.908e+4,7.908e+4,,
276.89,2.258e+5,2.258e+5,,
276.94,6.049e+5,6.049e+5,,
276.99,1.521e+6,1.521e+6,,
277.04,3.594e+6,3.594e+6,,
277.09,7.978e+6,7.978e+6,,
277.14,1.666e+7,1.666e+7,,
277.19,3.274e+7,3.274e+7,,
277.24,6.069e+7,6.069e+7,,
277.29,1.062e+8,1.062e+8,,
277.34,1.761e+8,1.761e+8,,
277.39,2.771e+8,2.771e+8,8.958e-7,
277.44,4.154e+8,4.154e+8,7.597e-6,
277.49,5.956e+8,5.956e+8,6.042e-5,
277.54,8.202e+8,8.202e+8,4.507e-4,
277.59,1.089e+9,1.089e+9,3.152e-3,
277.64,1.398e+9,1.398e+9,2.068e-2,
277.69,1.740e+9,1.740e+9,1.272e-1,
277.74,2.100e+9,2.100e+9,7.340e-1,
277.79,2.455e+9,2.455e+9,3.972e+0,
277.84,2.776e+9,2.776e+9,2.015e+1,
277.89,3.029e+9,3.029e+9,9.591e+1,
277.94,3.182e+9,3.182e+9,4.280e+2,
277.99,3.216e+9,3.216e+9,1.791e+3,
278.04,3.126e+9,3.126e+9,7.032e+3,
278.09,2.925e+9,2.925e+9,2.589e+4,
278.14,2.640e+9,2.640e+9,8.936e+4,
278.19,2.304e+9,2.303e+9,2.893e+5,
278.24,1.949e+9,1.948e+9,8.785e+5,
278.29,1.603e+9,1.600e+9,2.502e+6,
278.34,1.284e+9,1.277e+9,6.682e+6,
278.39,1.006e+9,9.896e+8,1.674e+7,
278.44,7.813e+8,7.419e+8,3.934e+7,
278.49,6.231e+8,5.363e+8,8.676e+7,
278.54,5.517e+8,3.721e+8,1.796e+8,
278.59,5.961e+8,2.468e+8,3.494e+8,
278.64,7.951e+8,1.558e+8,6.393e+8,
278.69,1.197e+9,9.333e+7,1.104e+9,
278.74,1.858e+9,5.290e+7,1.805e+9,
278.79,2.847e+9,2.831e+7,2.819e+9,
278.84,4.268e+9,1.428e+7,4.254e+9,
278.89,6.315e+9,6.783e+6,6.308e+9,
278.94,9.383e+9,3.030e+6,9.380e+9,
278.99,1.422e+10,1.272e+6,1.422e+10,
279.04,2.210e+10,5.015e+5,2.210e+10,
279.09,3.490e+10,1.857e+5,3.490e+10,
279.14,5.495e+10,6.452e+4,5.495e+10,
279.19,8.463e+10,2.104e+4,8.463e+10,
279.24,1.255e+11,6.436e+3,1.255e+11,
279.29,1.774e+11,1.847e+3,1.774e+11,
279.34,2.372e+11,4.971e+2,2.372e+11,
279.39,2.993e+11,1.255e+2,2.993e+11,
279.44,3.553e+11,2.970e+1,3.553e+11,
279.49,3.967e+11,6.592e+0,3.967e+11,
279.54,4.163e+11,1.372e+0,4.163e+11,
279.59,4.108e+11,2.694e-1,4.108e+11,
279.64,3.817e+11,5.852e-2,3.817e+11,
279.69,3.346e+11,5.887e-2,3.346e+11,
279.74,2.782e+11,2.524e-1,2.782e+11,
279.79,2.219e+11,1.173e+0,2.219e+11,
279.84,1.737e+11,5.141e+0,1.737e+11,
279.89,1.392e+11,2.117e+1,1.392e+11,
279.94,1.211e+11,8.188e+1,1.211e+11,
279.99,1.189e+11,2.974e+2,1.189e+11,
280.04,1.300e+11,1.015e+3,1.300e+11,
280.09,1.498e+11,3.253e+3,1.498e+11,
280.14,1.725e+11,9.796e+3,1.725e+11,
280.19,1.921e+11,2.772e+4,1.921e+11,
280.24,2.036e+11,7.375e+4,2.036e+11,
280.29,2.038e+11,1.844e+5,2.038e+11,
280.34,1.919e+11,4.337e+5,1.919e+11,
280.39,1.699e+11,9.595e+5,1.699e+11,
280.44,1.411e+11,1.997e+6,1.411e+11,
280.49,1.101e+11,3.915e+6,1.101e+11,
280.54,8.057e+10,7.226e+6,8.057e+10,
280.59,5.535e+10,1.257e+7,5.534e+10,
280.64,3.569e+10,2.061e+7,3.567e+10,
280.69,2.160e+10,3.189e+7,2.157e+10,
280.74,1.229e+10,4.659e+7,1.224e+10,
280.79,6.583e+9,6.429e+7,6.518e+9,
280.84,3.341e+9,8.387e+7,3.257e+9,
280.89,1.631e+9,1.035e+8,1.527e+9,
280.94,7.928e+8,1.209e+8,6.718e+8,
280.99,4.112e+8,1.338e+8,2.773e+8,
281.04,2.478e+8,1.404e+8,1.074e+8,
281.09,1.786e+8,1.395e+8,3.905e+7,
281.14,1.449e+8,1.315e+8,1.332e+7,
281.19,1.218e+8,1.176e+8,4.262e+6,
281.24,1.009e+8,9.966e+7,1.280e+6,
281.29,8.043e+7,8.007e+7,3.606e+5,
281.34,6.105e+7,6.096e+7,9.533e+4,
281.39,4.398e+7,4.396e+7,2.365e+4,
281.44,3.001e+7,3.000e+7,5.505e+3,
281.49,1.938e+7,1.938e+7,1.203e+3,
281.54,1.183e+7,1.183e+7,2.465e+2,
281.59,6.825e+6,6.825e+6,4.740e+1,
281.64,3.718e+6,3.718e+6,8.554e+0,
281.69,1.912e+6,1.912e+6,1.448e+0,
281.74,9.272e+5,9.272e+5,2.301e-1,
281.79,4.240e+5,4.240e+5,3.431e-2,
281.84,1.827e+5,1.827e+5,4.800e-3,
281.89,7.419e+4,7.419e+4,6.301e-4,
281.94,2.837e+4,2.837e+4,7.761e-5,
281.99,1.021e+4,1.021e+4,,
282.04,3.459e+3,3.459e+3,,
282.09,1.103e+3,1.103e+3,,
282.14,3.307e+2,3.307e+2,,
282.19,9.326e+1,9.326e+1,,
282.24,2.473e+1,2.473e+1,,
282.29,6.167e+0,6.167e+0,,
282.34,1.446e+0,1.446e+0,,
282.39,3.186e-1,3.186e-1,,
282.44,6.597e-2,6.597e-2,,
282.49,1.284e-2,1.284e-2,,
282.54,2.348e-3,2.348e-3,,
282.59,4.034e-4,4.034e-4,,
282.64,6.512e-5,6.512e-5,,
282.69,9.876e-6,9.876e-6,,
282.74,1.406e-6,1.406e-6,,
282.79,1.882e-7,1.882e-7,,
282.84,2.229e-8,2.229e-8,,
282.89,2.645e-9,2.645e-9,,
282.94,3.406e-9,3.406e-9,,
282.99,2.792e-8,2.792e-8,,
283.04,2.152e-7,2.152e-7,,
283.09,1.560e-6,1.560e-6,,
283.14,1.068e-5,1.068e-5,,
283.19,6.852e-5,6.852e-5,,
283.24,4.132e-4,4.132e-4,,
283.29,2.344e-3,2.344e-3,,
283.34,1.250e-2,1.250e-2,,
283.39,6.272e-2,6.272e-2,,
283.44,2.960e-1,2.960e-1,,
283.49,1.314e+0,1.314e+0,,
283.54,5.491e+0,5.491e+0,,
283.59,2.159e+1,2.159e+1,,
283.64,7.988e+1,7.988e+1,,
283.69,2.783e+2,2.783e+2,,
283.74,9.129e+2,9.129e+2,,
283.79,2.821e+3,2.821e+3,,
283.84,8.217e+3,8.217e+3,,
283.89,2.257e+4,2.257e+4,,
283.94,5.846e+4,5.846e+4,,
283.99,1.430e+5,1.430e+5,,
284.04,3.305e+5,3.305e+5,,
284.09,7.227e+5,7.227e+5,,
284.14,1.498e+6,1.498e+6,,
284.19,2.951e+6,2.951e+6,,
284.24,5.545e+6,5.545e+6,,
284.29,1.001e+7,1.001e+7,,
284.34,1.749e+7,1.749e+7,,
284.39,2.999e+7,2.999e+7,,
284.44,5.125e+7,5.125e+7,,
284.49,8.854e+7,8.854e+7,,
284.54,1.560e+8,1.560e+8,,
284.59,2.793e+8,2.793e+8,,
284.64,5.029e+8,5.029e+8,,
284.69,8.949e+8,8.949e+8,,
284.74,1.550e+9,1.550e+9,,
284.79,2.583e+9,2.583e+9,,
284.84,4.104e+9,4.104e+9,,
284.89,6.185e+9,6.185e+9,,
284.94,8.812e+9,8.812e+9,,
284.99,1.184e+10,1.184e+10,,
285.04,1.500e+10,1.500e+10,,
285.09,1.788e+10,1.788e+10,,
285.14,2.007e+10,2.007e+10,,
285.19,2.119e+10,2.119e+10,,
285.24,2.104e+10,2.104e+10,,
285.29,1.965e+10,1.965e+10,,
285.34,1.726e+10,1.726e+10,,
285.39,1.426e+10,1.426e+10,,
285.44,1.108e+10,1.108e+10,,
285.49,8.095e+9,8.095e+9,,
285.54,5.562e+9,5.562e+9,,
285.59,3.594e+9,3.594e+9,,
285.64,2.184e+9,2.184e+9,,
285.69,1.248e+9,1.248e+9,,
285.74,6.706e+8,6.706e+8,,
285.79,3.389e+8,3.389e+8,,
285.84,1.610e+8,1.610e+8,,
285.89,7.197e+7,7.197e+7,,
285.94,3.025e+7,3.025e+7,,
285.99,1.195e+7,1.195e+7,,
286.04,4.443e+6,4.443e+6,,
286.09,1.553e+6,1.553e+6,,
286.14,5.103e+5,5.103e+5,,
286.19,1.577e+5,1.577e+5,,
286.24,4.584e+4,4.584e+4,,
286.29,1.253e+4,1.253e+4,,
286.34,3.221e+3,3.221e+3,,
286.39,7.785e+2,7.785e+2,,
286.44,1.770e+2,1.770e+2,,
286.49,3.783e+1,3.783e+1,,
286.54,7.604e+0,7.604e+0,,
286.59,1.437e+0,1.437e+0,,
286.64,2.555e-1,2.555e-1,,
286.69,4.272e-2,4.272e-2,,
286.74,6.715e-3,6.715e-3,,
286.79,9.927e-4,9.927e-4,,
286.84,1.380e-4,1.380e-4,,
286.89,1.804e-5,1.804e-5,,
286.94,2.215e-6,2.215e-6,,
289.79,1.455e-8,1.455e-8,,
289.84,1.120e-7,1.120e-7,,
289.89,8.132e-7,8.132e-7,,
289.94,5.567e-6,5.567e-6,,
289.99,3.593e-5,3.593e-5,,
290.04,2.186e-4,2.186e-4,,
290.09,1.255e-3,1.255e-3,,
290.14,6.787e-3,6.787e-3,,
290.19,3.462e-2,3.462e-2,,
290.24,1.665e-1,1.665e-1,,
290.29,7.551e-1,7.551e-1,,
290.34,3.229e+0,3.229e+0,,
290.39,1.302e+1,1.302e+1,,
290.44,4.948e+1,4.948e+1,,
290.49,1.773e+2,1.773e+2,,
290.54,5.992e+2,5.992e+2,,
290.59,1.909e+3,1.909e+3,,
290.64,5.736e+3,5.736e+3,,
290.69,1.625e+4,1.625e+4,,
290.74,4.339e+4,4.339e+4,,
290.79,1.093e+5,1.093e+5,,
290.84,2.595e+5,2.595e+5,,
290.89,5.809e+5,5.809e+5,,
290.94,1.226e+6,1.226e+6,,
290.99,2.440e+6,2.440e+6,,
291.04,4.579e+6,4.579e+6,,
291.09,8.102e+6,8.102e+6,1.660e-7,
291.14,1.352e+7,1.352e+7,1.270e-6,
291.19,2.126e+7,2.126e+7,9.161e-6,
291.24,3.153e+7,3.153e+7,6.236e-5,
291.29,4.409e+7,4.409e+7,4.004e-4,
291.34,5.813e+7,5.813e+7,2.426e-3,
291.39,7.227e+7,7.227e+7,1.386e-2,
291.44,8.471e+7,8.471e+7,7.474e-2,
291.49,9.361e+7,9.361e+7,3.801e-1,
291.54,9.755e+7,9.755e+7,1.824e+0,
291.59,9.584e+7,9.584e+7,8.254e+0,
291.64,8.879e+7,8.879e+7,3.524e+1,
291.69,7.755e+7,7.755e+7,1.420e+2,
291.74,6.387e+7,6.387e+7,5.395e+2,
291.79,4.960e+7,4.959e+7,1.934e+3,
291.84,3.632e+7,3.631e+7,6.540e+3,
291.89,2.509e+7,2.507e+7,2.086e+4,
291.94,1.638e+7,1.632e+7,6.279e+4,
291.99,1.019e+7,1.001e+7,1.783e+5,
292.04,6.271e+6,5.794e+6,4.775e+5,
292.09,4.367e+6,3.161e+6,1.206e+6,
292.14,4.502e+6,1.626e+6,2.876e+6,
292.19,7.255e+6,7.887e+5,6.466e+6,
292.24,1.408e+7,3.607e+5,1.372e+7,
292.29,2.760e+7,1.555e+5,2.745e+7,
292.34,5.188e+7,6.323e+4,5.182e+7,
292.39,9.231e+7,2.424e+4,9.228e+7,
292.44,1.551e+8,8.761e+3,1.550e+8,
292.49,2.457e+8,2.986e+3,2.457e+8,
292.54,3.674e+8,9.594e+2,3.674e+8,
292.59,5.182e+8,2.907e+2,5.182e+8,
292.64,6.896e+8,8.303e+1,6.896e+8,
292.69,8.657e+8,2.236e+1,8.657e+8,
292.74,1.025e+9,5.679e+0,1.025e+9,
292.79,1.146e+9,1.362e+0,1.146e+9,
292.84,1.208e+9,3.179e-1,1.208e+9,
292.89,1.203e+9,1.163e-1,1.203e+9,
292.94,1.132e+9,2.381e-1,1.132e+9,
292.99,1.011e+9,9.396e-1,1.011e+9,
293.04,8.632e+8,3.685e+0,8.632e+8,
293.09,7.179e+8,1.367e+1,7.179e+8,
293.14,6.042e+8,4.790e+1,6.042e+8,
293.19,5.479e+8,1.584e+2,5.479e+8,
293.24,5.685e+8,4.942e+2,5.685e+8,
293.3,7.095e+8,1.794e+3,7.095e+8,
293.35,9.231e+8,4.931e+3,9.231e+8,
293.4,1.209e+9,1.279e+4,1.209e+9,
293.45,1.538e+9,3.131e+4,1.538e+9,
293.5,1.868e+9,7.236e+4,1.868e+9,
293.55,2.153e+9,1.578e+5,2.153e+9,
293.6,2.345e+9,3.249e+5,2.345e+9,
293.65,2.413e+9,6.314e+5,2.413e+9,
293.7,2.344e+9,1.158e+6,2.343e+9,
293.75,2.150e+9,2.005e+6,2.148e+9,
293.8,1.861e+9,3.276e+6,1.858e+9,
293.85,1.522e+9,5.052e+6,1.517e+9,
293.9,1.176e+9,7.355e+6,1.168e+9,
293.95,8.594e+8,1.011e+7,8.493e+8,
294,5.957e+8,1.311e+7,5.826e+8,
294.05,3.932e+8,1.604e+7,3.772e+8,
294.1,2.489e+8,1.853e+7,2.304e+8,
294.15,1.530e+8,2.021e+7,1.328e+8,
294.2,9.305e+7,2.080e+7,7.225e+7,
294.25,5.730e+7,2.021e+7,3.709e+7,
294.3,3.650e+7,1.853e+7,1.797e+7,
294.35,2.426e+7,1.604e+7,8.213e+6,
294.4,1.665e+7,1.311e+7,3.543e+6,
294.45,1.155e+7,1.011e+7,1.442e+6,
294.5,7.909e+6,7.355e+6,5.541e+5,
294.55,5.253e+6,5.052e+6,2.008e+5,
294.6,3.345e+6,3.276e+6,6.871e+4,
294.65,2.027e+6,2.005e+6,2.218e+4,
294.7,1.165e+6,1.158e+6,6.756e+3,
294.75,6.333e+5,6.314e+5,1.942e+3,
294.8,3.255e+5,3.249e+5,5.269e+2,
294.85,1.580e+5,1.578e+5,1.349e+2,
294.9,7.239e+4,7.236e+4,3.258e+1,
294.95,3.132e+4,3.131e+4,7.427e+0,
295,1.279e+4,1.279e+4,1.598e+0,
295.05,4.931e+3,4.931e+3,3.243e-1,
295.1,1.794e+3,1.794e+3,6.213e-2,
295.15,6.162e+2,6.162e+2,1.123e-2,
295.2,1.998e+2,1.998e+2,1.916e-3,
295.25,6.112e+1,6.112e+1,3.084e-4,
295.3,1.765e+1,1.765e+1,4.685e-5,
295.35,4.812e+0,4.812e+0,6.716e-6,
295.4,1.238e+0,1.238e+0,9.085e-7,
295.45,3.007e-1,3.007e-1,,
295.5,6.891e-2,6.891e-2,,
295.55,1.491e-2,1.491e-2,,
295.6,3.045e-3,3.045e-3,,
295.65,5.869e-4,5.869e-4,,
295.7,1.068e-4,1.068e-4,,
295.75,1.833e-5,1.833e-5,,
295.8,2.971e-6,2.971e-6,,
295.85,4.546e-7,4.546e-7,,
295.9,6.563e-8,6.563e-8,,
295.95,8.945e-9,8.945e-9,,
307.25,1.982e-8,1.982e-8,,
307.3,1.353e-7,1.353e-7,,
307.35,8.761e-7,8.761e-7,,
307.4,5.385e-6,5.385e-6,,
307.45,3.149e-5,3.149e-5,,
307.5,1.744e-4,1.744e-4,,
307.55,9.170e-4,9.170e-4,,
307.6,4.575e-3,4.575e-3,,
307.65,2.167e-2,2.167e-2,,
307.7,9.742e-2,9.742e-2,,
307.75,4.158e-1,4.158e-1,,
307.8,1.684e+0,1.684e+0,,
307.85,6.479e+0,6.479e+0,,
307.9,2.366e+1,2.366e+1,,
307.95,8.205e+1,8.205e+1,,
308,2.702e+2,2.702e+2,,
308.05,8.452e+2,8.452e+2,,
308.1,2.512e+3,2.512e+3,,
308.15,7.092e+3,7.092e+3,,
308.2,1.903e+4,1.903e+4,,
308.25,4.856e+4,4.856e+4,,
308.3,1.178e+5,1.178e+5,,
308.35,2.720e+5,2.720e+5,,
308.4,5.977e+5,5.977e+5,,
308.45,1.251e+6,1.251e+6,,
308.5,2.494e+6,2.494e+6,,
308.55,4.743e+6,4.743e+6,,
308.6,8.607e+6,8.607e+6,1.161e-8,
308.65,1.492e+7,1.492e+7,7.900e-8,
308.7,2.470e+7,2.470e+7,5.103e-7,
308.75,3.913e+7,3.913e+7,3.130e-6,
308.8,5.935e+7,5.935e+7,1.822e-5,
308.85,8.624e+7,8.624e+7,1.008e-4,
308.9,1.201e+8,1.201e+8,5.289e-4,
308.95,1.607e+8,1.607e+8,2.636e-3,
309,2.064e+8,2.064e+8,1.248e-2,
309.05,2.550e+8,2.550e+8,5.606e-2,
309.1,3.036e+8,3.036e+8,2.392e-1,
309.15,3.492e+8,3.492e+8,9.688e-1,
309.2,3.893e+8,3.893e+8,3.726e+0,
309.25,4.228e+8,4.228e+8,1.361e+1,
309.3,4.498e+8,4.498e+8,4.718e+1,
309.35,4.718e+8,4.718e+8,1.553e+2,
309.4,4.910e+8,4.910e+8,4.855e+2,
309.45,5.089e+8,5.089e+8,1.441e+3,
309.5,5.253e+8,5.253e+8,4.060e+3,
309.55,5.384e+8,5.384e+8,1.086e+4,
309.6,5.444e+8,5.443e+8,2.759e+4,
309.65,5.389e+8,5.388e+8,6.655e+4,
309.7,5.184e+8,5.183e+8,1.524e+5,
309.75,4.817e+8,4.814e+8,3.314e+5,
309.8,4.302e+8,4.295e+8,6.842e+5,
309.85,3.681e+8,3.668e+8,1.341e+6,
309.9,3.015e+8,2.990e+8,2.496e+6,
309.95,2.367e+8,2.322e+8,4.411e+6,
310,1.791e+8,1.717e+8,7.402e+6,
310.05,1.324e+8,1.206e+8,1.179e+7,
310.1,9.841e+7,8.058e+7,1.784e+7,
310.15,7.673e+7,5.112e+7,2.562e+7,
310.2,6.573e+7,3.080e+7,3.493e+7,
310.25,6.285e+7,1.762e+7,4.523e+7,
310.3,6.517e+7,9.570e+6,5.560e+7,
310.35,6.983e+7,4.934e+6,6.489e+7,
310.4,7.433e+7,2.415e+6,7.192e+7,
310.45,7.680e+7,1.122e+6,7.568e+7,
310.5,7.610e+7,4.949e+5,7.561e+7,
310.55,7.193e+7,2.072e+5,7.172e+7,
310.6,6.468e+7,8.235e+4,6.460e+7,
310.65,5.527e+7,3.106e+4,5.524e+7,
310.7,4.487e+7,1.112e+4,4.486e+7,
310.75,3.458e+7,3.780e+3,3.458e+7,
310.8,2.531e+7,1.220e+3,2.531e+7,
310.85,1.759e+7,3.735e+2,1.759e+7,
310.9,1.161e+7,1.086e+2,1.161e+7,
310.95,7.274e+6,2.995e+1,7.274e+6,
311,4.327e+6,7.844e+0,4.327e+6,
311.05,2.444e+6,1.950e+0,2.444e+6,
311.1,1.311e+6,4.601e-1,1.311e+6,
311.15,6.676e+5,1.030e-1,6.676e+5,
311.2,3.228e+5,2.191e-2,3.228e+5,
311.25,1.482e+5,4.421e-3,1.482e+5,
311.3,6.458e+4,8.467e-4,6.458e+4,
311.35,2.673e+4,1.540e-4,2.673e+4,
311.4,1.050e+4,2.657e-5,1.050e+4,
311.45,3.918e+3,4.352e-6,3.918e+3,
311.5,1.388e+3,6.767e-7,1.388e+3,
311.55,4.668e+2,9.988e-8,4.668e+2,
311.6,1.491e+2,,1.491e+2,
311.65,4.521e+1,,4.521e+1,
311.7,1.301e+1,,1.301e+1,
311.75,3.558e+0,,3.558e+0,
311.8,9.233e-1,,9.233e-1,
311.85,2.275e-1,,2.275e-1,
311.9,5.324e-2,,5.324e-2,
311.95,1.183e-2,,1.183e-2,
312,2.495e-3,,2.495e-3,
312.05,4.997e-4,,4.997e-4,
312.1,9.501e-5,,9.501e-5,
312.15,1.716e-5,,1.716e-5,
312.2,2.941e-6,,2.941e-6,
312.25,4.787e-7,,4.787e-7,
312.3,7.398e-8,,7.398e-8,
312.35,1.086e-8,,1.086e-8,
331.21,9.012e-9,9.012e-9,,
331.26,5.338e-8,5.338e-8,,
331.31,3.022e-7,3.022e-7,,
331.36,1.636e-6,1.636e-6,,
331.41,8.463e-6,8.463e-6,,
331.46,4.186e-5,4.186e-5,,
331.51,1.979e-4,1.979e-4,,
331.56,8.947e-4,8.947e-4,,
331.61,3.866e-3,3.866e-3,,
331.66,1.597e-2,1.597e-2,,
331.71,6.307e-2,6.307e-2,,
331.76,2.381e-1,2.381e-1,,
331.81,8.594e-1,8.594e-1,,
331.86,2.965e+0,2.965e+0,,
331.91,9.778e+0,9.778e+0,,
331.96,3.083e+1,3.083e+1,,
332.01,9.292e+1,9.292e+1,,
332.06,2.677e+2,2.677e+2,,
332.11,7.375e+2,7.375e+2,,
332.16,1.942e+3,1.942e+3,,
332.21,4.889e+3,4.889e+3,,
332.26,1.176e+4,1.176e+4,,
332.31,2.706e+4,2.706e+4,,
332.36,5.952e+4,5.952e+4,,
332.41,1.251e+5,1.251e+5,,
332.46,2.516e+5,2.516e+5,,
332.51,4.834e+5,4.834e+5,,
332.56,8.882e+5,8.882e+5,,
332.61,1.560e+6,1.560e+6,,
332.66,2.621e+6,2.621e+6,,
332.71,4.212e+6,4.212e+6,,
332.76,6.474e+6,6.474e+6,,
332.81,9.522e+6,9.522e+6,,
332.86,1.341e+7,1.341e+7,,
332.91,1.809e+7,1.809e+7,,
332.96,2.342e+7,2.342e+7,,
333.01,2.913e+7,2.913e+7,,
333.06,3.490e+7,3.490e+7,,
333.11,4.039e+7,4.039e+7,,
333.16,4.538e+7,4.538e+7,,
333.21,4.977e+7,4.977e+7,,
333.26,5.362e+7,5.362e+7,,
333.31,5.712e+7,5.712e+7,,
333.36,6.050e+7,6.050e+7,,
333.41,6.391e+7,6.391e+7,,
333.46,6.729e+7,6.729e+7,,
333.51,7.037e+7,7.037e+7,,
333.56,7.266e+7,7.266e+7,,
333.61,7.359e+7,7.359e+7,,
333.66,7.264e+7,7.264e+7,,
333.71,6.951e+7,6.951e+7,,
333.76,6.423e+7,6.423e+7,,
333.81,5.712e+7,5.712e+7,,
333.86,4.880e+7,4.880e+7,,
333.91,3.998e+7,3.998e+7,,
333.96,3.138e+7,3.138e+7,,
334.01,2.358e+7,2.358e+7,,
334.06,1.696e+7,1.696e+7,,
334.11,1.167e+7,1.167e+7,,
334.16,7.680e+6,7.680e+6,,
334.21,4.833e+6,4.833e+6,,
334.26,2.908e+6,2.908e+6,,
334.31,1.674e+6,1.674e+6,,
334.36,9.209e+5,9.209e+5,,
334.41,4.844e+5,4.844e+5,,
334.46,2.437e+5,2.437e+5,,
334.51,1.172e+5,1.172e+5,,
334.56,5.388e+4,5.388e+4,,
334.61,2.369e+4,2.369e+4,,
334.66,9.956e+3,9.956e+3,,
334.71,4.001e+3,4.001e+3,,
334.76,1.537e+3,1.537e+3,,
334.81,5.646e+2,5.646e+2,,
334.86,1.983e+2,1.983e+2,,
334.91,6.658e+1,6.658e+1,,
334.96,2.137e+1,2.137e+1,,
335.01,6.560e+0,6.560e+0,,
335.06,1.925e+0,1.925e+0,,
335.11,5.401e-1,5.401e-1,,
335.16,1.449e-1,1.449e-1,,
335.21,3.716e-2,3.716e-2,,
335.26,9.111e-3,9.111e-3,,
335.31,2.136e-3,2.136e-3,,
335.36,4.787e-4,4.787e-4,,
335.41,1.026e-4,1.026e-4,,
335.46,2.102e-5,2.102e-5,,
335.51,4.117e-6,4.117e-6,,
335.56,7.711e-7,7.711e-7,,
335.61,1.381e-7,1.381e-7,,
335.66,2.364e-8,2.364e-8,,
351.76,3.042e-10,,3.042e-10,
351.81,1.621e-9,,1.621e-9,
351.86,8.297e-9,,8.297e-9,
351.91,4.081e-8,,4.081e-8,
351.96,1.929e-7,,1.929e-7,
352.01,8.759e-7,,8.759e-7,
352.06,3.822e-6,,3.822e-6,
352.11,1.603e-5,,1.603e-5,
352.16,6.456e-5,,6.456e-5,
352.21,2.499e-4,,2.499e-4,
352.26,9.295e-4,,9.295e-4,
352.31,3.322e-3,,3.322e-3,
352.36,1.141e-2,,1.141e-2,
352.41,3.764e-2,,3.764e-2,
352.46,1.193e-1,,1.193e-1,
352.51,3.635e-1,,3.635e-1,
352.56,1.064e+0,,1.064e+0,
352.61,2.993e+0,,2.993e+0,
352.66,8.087e+0,,8.087e+0,
352.71,2.100e+1,,2.100e+1,
352.76,5.240e+1,,5.240e+1,
352.81,1.256e+2,,1.256e+2,
352.86,2.894e+2,,2.894e+2,
352.91,6.404e+2,,6.404e+2,
352.96,1.362e+3,,1.362e+3,
353.01,2.783e+3,,2.783e+3,
353.06,5.465e+3,,5.465e+3,
353.11,1.031e+4,,1.031e+4,
353.16,1.869e+4,,1.869e+4,
353.21,3.256e+4,,3.256e+4,
353.26,5.450e+4,,5.450e+4,
353.31,8.764e+4,,8.764e+4,
353.36,1.354e+5,,1.354e+5,
353.41,2.011e+5,,2.011e+5,
353.46,2.869e+5,,2.869e+5,
353.51,3.933e+5,,3.933e+5,
353.56,5.180e+5,,5.180e+5,
353.61,6.556e+5,,6.556e+5,
353.66,7.973e+5,,7.973e+5,
353.71,9.316e+5,,9.316e+5,
353.76,1.046e+6,,1.046e+6,
353.81,1.128e+6,,1.128e+6,
353.86,1.170e+6,,1.170e+6,
353.91,1.165e+6,,1.165e+6,
353.96,1.115e+6,,1.115e+6,
354.01,1.025e+6,,1.025e+6,
354.06,9.059e+5,,9.059e+5,
354.11,7.691e+5,,7.691e+5,
354.16,6.274e+5,,6.274e+5,
354.21,4.918e+5,,4.918e+5,
354.26,3.704e+5,,3.704e+5,
354.31,2.681e+5,,2.681e+5,
354.36,1.864e+5,,1.864e+5,
354.41,1.245e+5,,1.245e+5,
354.46,7.995e+4,,7.995e+4,
354.51,4.932e+4,,4.932e+4,
354.56,2.923e+4,,2.923e+4,
354.61,1.665e+4,,1.665e+4,
354.66,9.111e+3,,9.111e+3,
354.71,4.791e+3,,4.791e+3,
354.76,2.420e+3,,2.420e+3,
354.81,1.175e+3,,1.175e+3,
354.86,5.481e+2,,5.481e+2,
354.91,2.457e+2,,2.457e+2,
354.96,1.058e+2,,1.058e+2,
355.01,4.378e+1,,4.378e+1,
355.07,1.441e+1,,1.441e+1,
355.12,5.460e+0,,5.460e+0,
355.17,1.988e+0,,1.988e+0,
355.22,6.957e-1,,6.957e-1,
355.27,2.339e-1,,2.339e-1,
355.32,7.557e-2,,7.557e-2,
355.37,2.346e-2,,2.346e-2,
355.42,6.997e-3,,6.997e-3,
355.47,2.005e-3,,2.005e-3,
355.52,5.522e-4,,5.522e-4,
355.57,1.461e-4,,1.461e-4,
355.62,3.715e-5,,3.715e-5,
355.67,9.076e-6,,9.076e-6,
355.72,2.130e-6,,2.130e-6,
355.77,4.805e-7,,4.805e-7,
355.82,1.041e-7,,1.041e-7,
355.87,2.168e-8,,2.168e-8,
355.92,4.339e-9,,4.339e-9,
355.97,8.341e-10,,8.341e-10,
356.02,1.541e-10,,1.541e-10,
360.57,1.288e-10,1.288e-10,,
360.62,6.674e-10,6.674e-10,,
360.67,3.329e-9,3.329e-9,,
360.72,1.599e-8,1.599e-8,,
360.77,7.393e-8,7.393e-8,,
360.82,3.291e-7,3.291e-7,,
360.87,1.410e-6,1.410e-6,,
360.92,5.818e-6,5.818e-6,,
360.97,2.311e-5,2.311e-5,,
361.02,8.836e-5,8.836e-5,,
361.07,3.253e-4,3.253e-4,,
361.12,1.153e-3,1.153e-3,,
361.17,3.933e-3,3.933e-3,,
361.22,1.292e-2,1.292e-2,,
361.27,4.085e-2,4.085e-2,,
361.32,1.243e-1,1.243e-1,,
361.37,3.644e-1,3.644e-1,,
361.42,1.028e+0,1.028e+0,,
361.47,2.793e+0,2.793e+0,,
361.52,7.304e+0,7.304e+0,,
361.57,1.839e+1,1.839e+1,,
361.62,4.456e+1,4.456e+1,,
361.67,1.040e+2,1.040e+2,,
361.72,2.336e+2,2.336e+2,,
361.77,5.051e+2,5.051e+2,,
361.82,1.052e+3,1.052e+3,,
361.87,2.108e+3,2.108e+3,,
361.92,4.067e+3,4.067e+3,,
361.97,7.556e+3,7.556e+3,,
362.02,1.351e+4,1.351e+4,,
362.07,2.326e+4,2.326e+4,,
362.12,3.856e+4,3.856e+4,,
362.17,6.153e+4,6.153e+4,,
362.22,9.453e+4,9.453e+4,,
362.27,1.398e+5,1.398e+5,,
362.32,1.991e+5,1.991e+5,,
362.37,2.729e+5,2.729e+5,,
362.42,3.601e+5,3.601e+5,,
362.47,4.575e+5,4.575e+5,,
362.52,5.595e+5,5.595e+5,,
362.57,6.588e+5,6.588e+5,,
362.62,7.469e+5,7.469e+5,,
362.67,8.151e+5,8.151e+5,,
362.72,8.563e+5,8.563e+5,,
362.77,8.661e+5,8.661e+5,,
362.82,8.434e+5,8.434e+5,,
362.87,7.907e+5,7.907e+5,,
362.92,7.136e+5,7.136e+5,,
362.97,6.200e+5,6.200e+5,,
363.02,5.186e+5,5.186e+5,,
363.07,4.176e+5,4.176e+5,,
363.12,3.238e+5,3.238e+5,,
363.17,2.416e+5,2.416e+5,,
363.22,1.736e+5,1.736e+5,,
363.27,1.201e+5,1.201e+5,,
363.32,7.998e+4,7.998e+4,,
363.37,5.128e+4,5.128e+4,,
363.42,3.165e+4,3.165e+4,,
363.47,1.881e+4,1.881e+4,,
363.52,1.076e+4,1.076e+4,,
363.57,5.925e+3,5.925e+3,,
363.62,3.141e+3,3.141e+3,,
363.67,1.603e+3,1.603e+3,,
363.72,7.879e+2,7.879e+2,,
363.77,3.727e+2,3.727e+2,,
363.82,1.698e+2,1.698e+2,,
363.87,7.443e+1,7.443e+1,,
363.92,3.142e+1,3.142e+1,,
363.97,1.277e+1,1.277e+1,,
364.02,4.995e+0,4.995e+0,,
364.07,1.881e+0,1.881e+0,,
364.12,6.822e-1,6.822e-1,,
364.17,2.381e-1,2.381e-1,,
364.22,8.003e-2,8.003e-2,,
364.27,2.589e-2,2.589e-2,,
364.32,8.065e-3,8.065e-3,,
364.37,2.418e-3,2.418e-3,,
364.42,6.981e-4,6.981e-4,,
364.47,1.940e-4,1.940e-4,,
364.52,5.191e-5,5.191e-5,,
364.57,1.337e-5,1.337e-5,,
364.62,3.316e-6,3.316e-6,,
364.67,7.916e-7,7.916e-7,,
364.72,1.819e-7,1.819e-7,,
364.77,4.026e-8,4.026e-8,,
364.82,8.575e-9,8.575e-9,,
364.87,1.759e-9,1.759e-9,,
364.92,3.472e-10,3.472e-10,,
380.62,4.955e-8,4.955e-8,,
380.67,2.370e-7,2.370e-7,,
380.72,1.095e-6,1.095e-6,,
380.77,4.894e-6,4.894e-6,,
380.82,2.113e-5,2.113e-5,,
380.87,8.819e-5,8.819e-5,,
380.92,3.559e-4,3.559e-4,,
380.97,1.388e-3,1.388e-3,,
381.02,5.228e-3,5.228e-3,,
381.07,1.904e-2,1.904e-2,,
381.12,6.702e-2,6.702e-2,,
381.17,2.280e-1,2.280e-1,,
381.22,7.497e-1,7.497e-1,,
381.27,2.383e+0,2.383e+0,,
381.32,7.320e+0,7.320e+0,,
381.37,2.173e+1,2.173e+1,,
381.42,6.238e+1,6.238e+1,,
381.47,1.731e+2,1.731e+2,,
381.52,4.641e+2,4.641e+2,,
381.57,1.203e+3,1.203e+3,,
381.62,3.016e+3,3.016e+3,,
381.67,7.309e+3,7.309e+3,,
381.72,1.713e+4,1.713e+4,,
381.77,3.880e+4,3.880e+4,,
381.82,8.502e+4,8.502e+4,,
381.87,1.802e+5,1.802e+5,,
381.92,3.694e+5,3.694e+5,,
381.97,7.327e+5,7.327e+5,,
382.02,1.406e+6,1.406e+6,,
382.07,2.614e+6,2.614e+6,,
382.12,4.703e+6,4.703e+6,,
382.17,8.197e+6,8.197e+6,,
382.22,1.385e+7,1.385e+7,,
382.27,2.268e+7,2.268e+7,,
382.32,3.603e+7,3.603e+7,,
382.37,5.555e+7,5.555e+7,,
382.42,8.321e+7,8.321e+7,,
382.47,1.212e+8,1.212e+8,,
382.52,1.716e+8,1.716e+8,,
382.57,2.365e+8,2.365e+8,,
382.62,3.177e+8,3.177e+8,,
382.67,4.159e+8,4.159e+8,,
382.72,5.311e+8,5.311e+8,,
382.77,6.618e+8,6.618e+8,,
382.82,8.052e+8,8.052e+8,,
382.87,9.567e+8,9.567e+8,,
382.92,1.110e+9,1.110e+9,,
382.97,1.259e+9,1.259e+9,,
383.02,1.395e+9,1.395e+9,,
383.07,1.512e+9,1.512e+9,,
383.12,1.605e+9,1.605e+9,,
383.17,1.672e+9,1.672e+9,,
383.22,1.714e+9,1.714e+9,,
383.27,1.736e+9,1.736e+9,,
383.32,1.747e+9,1.747e+9,,
383.37,1.757e+9,1.757e+9,,
383.42,1.777e+9,1.777e+9,,
383.47,1.816e+9,1.816e+9,,
383.52,1.876e+9,1.876e+9,,
383.57,1.956e+9,1.956e+9,,
383.62,2.048e+9,2.048e+9,,
383.67,2.139e+9,2.139e+9,,
383.72,2.211e+9,2.211e+9,,
383.77,2.250e+9,2.250e+9,,
383.82,2.241e+9,2.241e+9,,
383.87,2.177e+9,2.177e+9,,
383.92,2.057e+9,2.057e+9,,
383.97,1.887e+9,1.887e+9,,
384.02,1.677e+9,1.677e+9,,
384.07,1.444e+9,1.444e+9,,
384.12,1.204e+9,1.204e+9,,
384.17,9.702e+8,9.702e+8,,
384.22,7.565e+8,7.565e+8,,
384.27,5.704e+8,5.704e+8,,
384.32,4.158e+8,4.158e+8,,
384.37,2.930e+8,2.930e+8,,
384.42,1.996e+8,1.996e+8,,
384.47,1.315e+8,1.315e+8,,
384.52,8.372e+7,8.372e+7,,
384.57,5.153e+7,5.153e+7,,
384.62,3.066e+7,3.066e+7,,
384.67,1.763e+7,1.763e+7,,
384.72,9.800e+6,9.800e+6,,
384.77,5.266e+6,5.266e+6,,
384.82,2.735e+6,2.735e+6,,
384.87,1.373e+6,1.373e+6,,
384.92,6.666e+5,6.666e+5,,
384.97,3.127e+5,3.127e+5,,
385.02,1.418e+5,1.418e+5,,
385.07,6.217e+4,6.217e+4,,
385.12,2.634e+4,2.634e+4,,
385.17,1.079e+4,1.079e+4,,
385.22,4.272e+3,4.272e+3,,
385.27,1.635e+3,1.635e+3,,
385.32,6.049e+2,6.049e+2,,
385.37,2.163e+2,2.163e+2,,
385.42,7.477e+1,7.477e+1,,
385.47,2.498e+1,2.498e+1,,
385.52,8.069e+0,8.069e+0,,
385.57,2.519e+0,2.519e+0,,
385.62,7.603e-1,7.603e-1,,
385.67,2.218e-1,2.218e-1,,
385.72,6.254e-2,6.254e-2,,
385.77,1.705e-2,1.705e-2,,
385.82,4.491e-3,4.491e-3,,
385.87,1.144e-3,1.144e-3,,
385.93,2.119e-4,2.119e-4,,
385.98,5.008e-5,5.008e-5,,
386.03,1.144e-5,1.144e-5,,
386.08,2.527e-6,2.527e-6,,
386.13,5.395e-7,5.395e-7,,
386.68,1.437e-9,1.437e-9,,
386.73,6.635e-9,6.635e-9,,
386.78,2.964e-8,2.964e-8,,
386.83,1.299e-7,1.299e-7,,
386.88,5.439e-7,5.439e-7,,
386.93,2.204e-6,2.204e-6,,
386.98,8.646e-6,8.646e-6,,
387.03,3.281e-5,3.281e-5,,
387.08,1.205e-4,1.205e-4,,
387.13,4.284e-4,4.284e-4,,
387.18,1.474e-3,1.474e-3,,
387.23,4.907e-3,4.907e-3,,
387.28,1.581e-2,1.581e-2,,
387.33,4.933e-2,4.933e-2,,
387.38,1.489e-1,1.489e-1,,
387.43,4.354e-1,4.354e-1,,
387.48,1.232e+0,1.232e+0,,
387.53,3.375e+0,3.375e+0,,
387.58,8.953e+0,8.953e+0,,
387.63,2.300e+1,2.300e+1,,
387.68,5.720e+1,5.720e+1,,
387.73,1.378e+2,1.378e+2,,
387.78,3.215e+2,3.215e+2,,
387.83,7.268e+2,7.268e+2,,
387.88,1.592e+3,1.592e+3,,
387.93,3.378e+3,3.378e+3,,
387.98,6.946e+3,6.946e+3,,
388.03,1.384e+4,1.384e+4,,
388.08,2.675e+4,2.675e+4,,
388.13,5.012e+4,5.012e+4,,
388.18,9.106e+4,9.106e+4,,
388.23,1.605e+5,1.605e+5,,
388.28,2.744e+5,2.744e+5,,
388.33,4.554e+5,4.554e+5,,
388.38,7.335e+5,7.335e+5,,
388.43,1.147e+6,1.147e+6,,
388.48,1.743e+6,1.743e+6,,
388.53,2.573e+6,2.573e+6,,
388.58,3.691e+6,3.691e+6,,
388.63,5.151e+6,5.151e+6,,
388.68,6.994e+6,6.994e+6,,
388.73,9.245e+6,9.245e+6,,
388.78,1.191e+7,1.191e+7,,
388.83,1.496e+7,1.496e+7,,
388.88,1.834e+7,1.834e+7,,
388.93,2.197e+7,2.197e+7,,
388.98,2.575e+7,2.575e+7,,
389.03,2.956e+7,2.956e+7,,
389.08,3.330e+7,3.330e+7,,
389.13,3.685e+7,3.685e+7,,
389.18,4.011e+7,4.011e+7,,
389.23,4.298e+7,4.298e+7,,
389.28,4.538e+7,4.538e+7,,
389.33,4.721e+7,4.721e+7,,
389.38,4.841e+7,4.841e+7,,
389.43,4.888e+7,4.888e+7,,
389.48,4.857e+7,4.857e+7,,
389.53,4.744e+7,4.744e+7,,
389.58,4.549e+7,4.549e+7,,
389.63,4.277e+7,4.277e+7,,
389.68,3.940e+7,3.940e+7,,
389.73,3.550e+7,3.550e+7,,
389.78,3.128e+7,3.128e+7,,
389.83,2.693e+7,2.693e+7,,
389.88,2.264e+7,2.264e+7,,
389.93,1.858e+7,1.858e+7,,
389.98,1.488e+7,1.488e+7,,
390.03,1.162e+7,1.162e+7,,
390.08,8.860e+6,8.860e+6,,
390.13,6.588e+6,6.588e+6,,
390.18,4.777e+6,4.777e+6,,
390.23,3.379e+6,3.379e+6,,
390.28,2.330e+6,2.330e+6,,
390.33,1.566e+6,1.566e+6,,
390.38,1.026e+6,1.026e+6,,
390.43,6.543e+5,6.543e+5,,
390.48,4.065e+5,4.065e+5,,
390.53,2.458e+5,2.458e+5,,
390.58,1.446e+5,1.446e+5,,
390.63,8.269e+4,8.269e+4,,
390.68,4.597e+4,4.597e+4,,
390.73,2.483e+4,2.483e+4,,
390.78,1.302e+4,1.302e+4,,
390.83,6.629e+3,6.629e+3,,
390.88,3.275e+3,3.275e+3,,
390.93,1.569e+3,1.569e+3,,
390.98,7.291e+2,7.291e+2,,
391.03,3.284e+2,3.284e+2,,
391.08,1.434e+2,1.434e+2,,
391.13,6.065e+1,6.065e+1,,
391.18,2.485e+1,2.485e+1,,
391.23,9.865e+0,9.865e+0,,
391.28,3.793e+0,3.793e+0,,
391.33,1.412e+0,1.412e+0,,
391.38,5.089e-1,5.089e-1,,
391.43,1.776e-1,1.776e-1,,
391.48,5.999e-2,5.999e-2,,
391.53,1.962e-2,1.962e-2,,
391.58,6.210e-3,6.210e-3,,
391.63,1.903e-3,1.903e-3,,
391.68,5.649e-4,5.649e-4,,
391.73,1.649e-4,1.649e-4,,
391.78,5.656e-5,5.656e-5,,
391.83,5.511e-5,5.511e-5,,
391.88,1.578e-4,1.578e-4,,
391.93,5.393e-4,5.393e-4,,
391.98,1.816e-3,1.816e-3,,
392.03,5.926e-3,5.926e-3,,
392.08,1.873e-2,1.873e-2,,
392.13,5.733e-2,5.733e-2,,
392.18,1.699e-1,1.699e-1,,
392.23,4.874e-1,4.874e-1,,
392.28,1.354e+0,1.354e+0,,
392.33,3.643e+0,3.643e+0,,
392.38,9.490e+0,9.490e+0,,
392.43,2.394e+1,2.394e+1,,
392.48,5.846e+1,5.846e+1,,
392.53,1.382e+2,1.382e+2,,
392.58,3.165e+2,3.165e+2,,
392.63,7.018e+2,7.018e+2,,
392.68,1.507e+3,1.507e+3,,
392.73,3.132e+3,3.132e+3,,
392.78,6.304e+3,6.304e+3,,
392.83,1.229e+4,1.229e+4,,
392.88,2.318e+4,2.318e+4,,
392.93,4.236e+4,4.236e+4,,
392.98,7.495e+4,7.495e+4,,
393.03,1.284e+5,1.284e+5,,
393.08,2.130e+5,2.130e+5,,
393.13,3.421e+5,3.421e+5,,
393.18,5.320e+5,5.320e+5,,
393.23,8.012e+5,8.012e+5,,
393.28,1.168e+6,1.168e+6,,
393.33,1.649e+6,1.649e+6,,
393.38,2.255e+6,2.255e+6,,
393.43,2.985e+6,2.985e+6,,
393.48,3.826e+6,3.826e+6,,
393.53,4.748e+6,4.748e+6,,
393.58,5.706e+6,5.706e+6,,
393.63,6.639e+6,6.639e+6,,
393.68,7.480e+6,7.480e+6,,
393.73,8.160e+6,8.160e+6,,
393.78,8.620e+6,8.620e+6,,
393.83,8.816e+6,8.816e+6,,
393.88,8.732e+6,8.732e+6,,
393.93,8.373e+6,8.373e+6,,
393.98,7.775e+6,7.775e+6,,
394.03,6.990e+6,6.990e+6,,
394.08,6.086e+6,6.086e+6,,
394.13,5.130e+6,5.130e+6,,
394.18,4.187e+6,4.187e+6,,
394.23,3.309e+6,3.309e+6,,
394.28,2.532e+6,2.532e+6,,
394.33,1.876e+6,1.876e+6,,
394.38,1.346e+6,1.346e+6,,
394.43,9.352e+5,9.352e+5,,
394.48,6.291e+5,6.291e+5,,
394.53,4.098e+5,4.098e+5,,
394.58,2.584e+5,2.584e+5,,
394.63,1.578e+5,1.578e+5,,
394.68,9.332e+4,9.332e+4,,
394.73,5.343e+4,5.343e+4,,
394.78,2.962e+4,2.962e+4,,
394.83,1.590e+4,1.590e+4,,
394.88,8.264e+3,8.264e+3,,
394.93,4.159e+3,4.159e+3,,
394.98,2.027e+3,2.027e+3,,
395.03,9.564e+2,9.564e+2,,
395.08,4.369e+2,4.369e+2,,
395.13,1.933e+2,1.933e+2,,
395.18,8.280e+1,8.280e+1,,
395.23,3.434e+1,3.434e+1,,
395.28,1.379e+1,1.379e+1,,
395.33,5.364e+0,5.364e+0,,
395.38,2.020e+0,2.020e+0,,
395.43,7.364e-1,7.364e-1,,
395.48,2.600e-1,2.600e-1,,
395.53,8.887e-2,8.887e-2,,
395.58,2.941e-2,2.941e-2,,
395.63,9.427e-3,9.427e-3,,
395.68,2.925e-3,2.925e-3,,
395.73,8.790e-4,8.790e-4,,
395.78,2.558e-4,2.558e-4,,
395.83,7.205e-5,7.205e-5,,
395.88,1.965e-5,1.965e-5,,
395.93,5.191e-6,5.191e-6,,
395.98,1.328e-6,1.328e-6,,
396.03,3.288e-7,3.288e-7,,
396.08,7.884e-8,7.884e-8,,
396.13,1.830e-8,1.830e-8,,
396.18,4.115e-9,4.115e-9,,
396.23,8.958e-10,8.958e-10,,
396.28,2.179e-9,2.179e-9,,
396.33,9.709e-9,9.709e-9,,
396.38,4.192e-8,4.192e-8,,
396.43,1.754e-7,1.754e-7,,
396.48,7.113e-7,7.113e-7,,
396.53,2.795e-6,2.795e-6,,
396.58,1.064e-5,1.064e-5,,
396.63,3.926e-5,3.926e-5,,
396.68,1.404e-4,1.404e-4,,
396.73,4.863e-4,4.863e-4,,
396.78,1.633e-3,1.633e-3,,
396.83,5.312e-3,5.312e-3,,
396.88,1.675e-2,1.675e-2,,
396.93,5.116e-2,5.116e-2,,
396.98,1.514e-1,1.514e-1,,
397.03,4.344e-1,4.344e-1,,
397.08,1.208e+0,1.208e+0,,
397.13,3.253e+0,3.253e+0,,
397.18,8.491e+0,8.491e+0,,
397.23,2.148e+1,2.148e+1,,
397.28,5.265e+1,5.265e+1,,
397.33,1.250e+2,1.250e+2,,
397.38,2.878e+2,2.878e+2,,
397.43,6.420e+2,6.420e+2,,
397.48,1.387e+3,1.387e+3,,
397.53,2.906e+3,2.906e+3,,
397.58,5.898e+3,5.898e+3,,
397.63,1.160e+4,1.160e+4,,
397.68,2.210e+4,2.210e+4,,
397.73,4.082e+4,4.082e+4,,
397.78,7.305e+4,7.305e+4,,
397.83,1.267e+5,1.267e+5,,
397.88,2.129e+5,2.129e+5,,
397.93,3.467e+5,3.467e+5,,
397.98,5.470e+5,5.470e+5,,
398.03,8.365e+5,8.365e+5,,
398.08,1.239e+6,1.239e+6,,
398.13,1.780e+6,1.780e+6,,
398.18,2.476e+6,2.476e+6,,
398.23,3.339e+6,3.339e+6,,
398.28,4.362e+6,4.362e+6,,
398.33,5.523e+6,5.523e+6,,
398.38,6.776e+6,6.776e+6,,
398.43,8.056e+6,8.056e+6,,
398.48,9.281e+6,9.281e+6,,
398.53,1.036e+7,1.036e+7,,
398.58,1.121e+7,1.121e+7,,
398.63,1.175e+7,1.175e+7,,
398.68,1.194e+7,1.194e+7,,
398.73,1.175e+7,1.175e+7,,
398.78,1.121e+7,1.121e+7,,
398.83,1.036e+7,1.036e+7,,
398.88,9.281e+6,9.281e+6,,
398.93,8.056e+6,8.056e+6,,
398.98,6.776e+6,6.776e+6,,
399.03,5.523e+6,5.523e+6,,
399.08,4.362e+6,4.362e+6,,
399.13,3.339e+6,3.339e+6,,
399.18,2.476e+6,2.476e+6,,
399.23,1.780e+6,1.780e+6,,
399.28,1.239e+6,1.239e+6,,
399.33,8.365e+5,8.365e+5,,
399.38,5.470e+5,5.470e+5,,
399.43,3.467e+5,3.467e+5,,
399.48,2.129e+5,2.129e+5,,
399.53,1.267e+5,1.267e+5,,
399.58,7.305e+4,7.305e+4,,
399.63,4.082e+4,4.082e+4,,
399.68,2.210e+4,2.210e+4,,
399.73,1.160e+4,1.160e+4,,
399.78,5.898e+3,5.898e+3,,
399.83,2.906e+3,2.906e+3,,
399.88,1.387e+3,1.387e+3,,
399.93,6.420e+2,6.420e+2,,
399.98,2.878e+2,2.878e+2,,
400.03,1.250e+2,1.250e+2,,
400.08,5.265e+1,5.265e+1,,
400.13,2.148e+1,2.148e+1,,
400.18,8.491e+0,8.491e+0,,
400.23,3.253e+0,3.253e+0,,
400.28,1.208e+0,1.208e+0,,
400.33,4.344e-1,4.344e-1,,
400.38,1.514e-1,1.514e-1,,
400.43,5.116e-2,5.116e-2,,
400.48,1.675e-2,1.675e-2,,
400.53,5.312e-3,5.312e-3,,
400.58,1.633e-3,1.633e-3,,
400.63,4.863e-4,4.863e-4,,
400.68,1.404e-4,1.404e-4,,
400.73,3.926e-5,3.926e-5,,
400.78,1.064e-5,1.064e-5,,
400.83,2.795e-6,2.795e-6,,
400.88,7.113e-7,7.113e-7,,
400.93,1.754e-7,1.754e-7,,
400.98,4.192e-8,4.192e-8,,
401.03,9.709e-9,9.709e-9,,
401.08,2.179e-9,2.179e-9,,
403.33,6.047e-9,6.047e-9,,
403.38,2.590e-8,2.590e-8,,
403.43,1.076e-7,1.076e-7,,
403.48,4.339e-7,4.339e-7,,
403.53,1.697e-6,1.697e-6,,
403.58,6.436e-6,6.436e-6,,
403.63,2.368e-5,2.368e-5,,
403.68,8.455e-5,8.455e-5,,
403.73,2.928e-4,2.928e-4,,
403.78,9.836e-4,9.836e-4,,
403.83,3.206e-3,3.206e-3,,
403.88,1.013e-2,1.013e-2,,
403.93,3.108e-2,3.108e-2,,
403.98,9.247e-2,9.247e-2,,
404.03,2.669e-1,2.669e-1,,
404.08,7.472e-1,7.472e-1,,
404.13,2.030e+0,2.030e+0,,
404.18,5.348e+0,5.348e+0,,
404.23,1.367e+1,1.367e+1,,
404.28,3.389e+1,3.389e+1,,
404.33,8.152e+1,8.152e+1,,
404.38,1.902e+2,1.902e+2,,
404.43,4.306e+2,4.306e+2,,
404.48,9.456e+2,9.456e+2,,
404.53,2.014e+3,2.014e+3,,
404.58,4.162e+3,4.162e+3,,
404.63,8.344e+3,8.344e+3,,
404.68,1.623e+4,1.623e+4,,
404.73,3.061e+4,3.061e+4,,
404.78,5.603e+4,5.603e+4,,
404.83,9.947e+4,9.947e+4,,
404.88,1.713e+5,1.713e+5,,
404.93,2.862e+5,2.862e+5,,
404.98,4.639e+5,4.639e+5,,
405.03,7.293e+5,7.293e+5,,
405.08,1.112e+6,1.112e+6,,
405.13,1.646e+6,1.646e+6,,
405.18,2.362e+6,2.362e+6,,
405.23,3.290e+6,3.290e+6,,
405.28,4.443e+6,4.443e+6,,
405.33,5.822e+6,5.822e+6,,
405.38,7.401e+6,7.401e+6,,
405.43,9.127e+6,9.127e+6,,
405.48,1.092e+7,1.092e+7,,
405.53,1.267e+7,1.267e+7,,
405.58,1.426e+7,1.426e+7,,
405.63,1.558e+7,1.558e+7,,
405.68,1.650e+7,1.650e+7,,
405.73,1.696e+7,1.696e+7,,
405.78,1.691e+7,1.691e+7,,
405.83,1.635e+7,1.635e+7,,
405.88,1.534e+7,1.534e+7,,
405.93,1.396e+7,1.396e+7,,
405.98,1.233e+7,1.233e+7,,
406.03,1.056e+7,1.056e+7,,
406.08,8.773e+6,8.773e+6,,
406.13,7.072e+6,7.072e+6,,
406.18,5.529e+6,5.529e+6,,
406.23,4.194e+6,4.194e+6,,
406.28,3.086e+6,3.086e+6,,
406.33,2.203e+6,2.203e+6,,
406.38,1.526e+6,1.526e+6,,
406.43,1.025e+6,1.025e+6,,
406.48,6.678e+5,6.678e+5,,
406.53,4.222e+5,4.222e+5,,
406.58,2.589e+5,2.589e+5,,
406.63,1.540e+5,1.540e+5,,
406.68,8.889e+4,8.889e+4,,
406.73,4.977e+4,4.977e+4,,
406.78,2.703e+4,2.703e+4,,
406.83,1.424e+4,1.424e+4,,
406.88,7.278e+3,7.278e+3,,
406.93,3.609e+3,3.609e+3,,
406.98,1.736e+3,1.736e+3,,
407.03,8.099e+2,8.099e+2,,
407.08,3.666e+2,3.666e+2,,
407.13,1.610e+2,1.610e+2,,
407.18,6.856e+1,6.856e+1,,
407.23,2.833e+1,2.833e+1,,
407.28,1.136e+1,1.136e+1,,
407.33,4.416e+0,4.416e+0,,
407.38,1.666e+0,1.666e+0,,
407.43,6.097e-1,6.097e-1,,
407.48,2.164e-1,2.164e-1,,
407.53,7.453e-2,7.453e-2,,
407.58,2.490e-2,2.490e-2,,
407.63,8.070e-3,8.070e-3,,
407.68,2.537e-3,2.537e-3,,
407.73,7.738e-4,7.738e-4,,
407.78,2.289e-4,2.289e-4,,
407.83,6.571e-5,6.571e-5,,
407.88,1.829e-5,1.829e-5,,
407.93,4.941e-6,4.941e-6,,
407.98,1.295e-6,1.295e-6,,
408.03,3.291e-7,3.291e-7,,
408.08,8.115e-8,8.115e-8,,
408.13,1.941e-8,1.941e-8,,
408.18,4.504e-9,4.504e-9,,
414.23,5.539e-9,5.539e-9,,
414.28,2.303e-8,2.303e-8,,
414.33,9.307e-8,9.307e-8,,
414.38,3.654e-7,3.654e-7,,
414.43,1.394e-6,1.394e-6,,
414.48,5.166e-6,5.166e-6,,
414.53,1.860e-5,1.860e-5,,
414.58,6.508e-5,6.508e-5,,
414.63,2.213e-4,2.213e-4,,
414.68,7.308e-4,7.308e-4,,
414.73,2.345e-3,2.345e-3,,
414.78,7.314e-3,7.314e-3,,
414.83,2.216e-2,2.216e-2,,
414.88,6.523e-2,6.523e-2,,
414.93,1.866e-1,1.866e-1,,
414.98,5.185e-1,5.185e-1,,
415.03,1.400e+0,1.400e+0,,
415.08,3.673e+0,3.673e+0,,
415.13,9.363e+0,9.363e+0,,
415.18,2.319e+1,2.319e+1,,
415.23,5.580e+1,5.580e+1,,
415.28,1.305e+2,1.305e+2,,
415.33,2.964e+2,2.964e+2,,
415.38,6.542e+2,6.542e+2,,
415.43,1.403e+3,1.403e+3,,
415.48,2.924e+3,2.924e+3,,
415.53,5.920e+3,5.920e+3,,
415.58,1.165e+4,1.165e+4,,
415.63,2.226e+4,2.226e+4,,
415.68,4.134e+4,4.134e+4,,
415.73,7.459e+4,7.459e+4,,
415.78,1.308e+5,1.308e+5,,
415.83,2.227e+5,2.227e+5,,
415.88,3.687e+5,3.687e+5,,
415.93,5.929e+5,5.929e+5,,
415.98,9.263e+5,9.263e+5,,
416.03,1.406e+6,1.406e+6,,
416.08,2.074e+6,2.074e+6,,
416.13,2.973e+6,2.973e+6,,
416.18,4.140e+6,4.140e+6,,
416.23,5.601e+6,5.601e+6,,
416.28,7.363e+6,7.363e+6,,
416.33,9.405e+6,9.405e+6,,
416.38,1.167e+7,1.167e+7,,
416.43,1.407e+7,1.407e+7,,
416.48,1.649e+7,1.649e+7,,
416.53,1.877e+7,1.877e+7,,
416.58,2.076e+7,2.076e+7,,
416.63,2.231e+7,2.231e+7,,
416.68,2.329e+7,2.329e+7,,
416.73,2.363e+7,2.363e+7,,
416.78,2.329e+7,2.329e+7,,
416.84,2.204e+7,2.204e+7,,
416.89,2.039e+7,2.039e+7,,
416.94,1.833e+7,1.833e+7,,
416.99,1.601e+7,1.601e+7,,
417.04,1.359e+7,1.359e+7,,
417.09,1.120e+7,1.120e+7,,
417.14,8.976e+6,8.976e+6,,
417.19,6.987e+6,6.987e+6,,
417.24,5.285e+6,5.285e+6,,
417.29,3.883e+6,3.883e+6,,
417.34,2.773e+6,2.773e+6,,
417.39,1.924e+6,1.924e+6,,
417.44,1.297e+6,1.297e+6,,
417.49,8.492e+5,8.492e+5,,
417.54,5.404e+5,5.404e+5,,
417.59,3.341e+5,3.341e+5,,
417.64,2.007e+5,2.007e+5,,
417.69,1.171e+5,1.171e+5,,
417.74,6.643e+4,6.643e+4,,
417.79,3.661e+4,3.661e+4,,
417.84,1.960e+4,1.960e+4,,
417.89,1.019e+4,1.019e+4,,
417.94,5.153e+3,5.153e+3,,
417.99,2.530e+3,2.530e+3,,
418.04,1.207e+3,1.207e+3,,
418.09,5.597e+2,5.597e+2,,
418.14,2.521e+2,2.521e+2,,
418.19,1.103e+2,1.103e+2,,
418.24,4.692e+1,4.692e+1,,
418.29,1.939e+1,1.939e+1,,
418.34,7.782e+0,7.782e+0,,
418.39,3.036e+0,3.036e+0,,
418.44,1.150e+0,1.150e+0,,
418.49,4.236e-1,4.236e-1,,
418.54,1.516e-1,1.516e-1,,
418.59,5.268e-2,5.268e-2,,
418.64,1.779e-2,1.779e-2,,
418.69,5.839e-3,5.839e-3,,
418.74,1.862e-3,1.862e-3,,
418.79,5.768e-4,5.768e-4,,
418.84,1.736e-4,1.736e-4,,
418.89,5.078e-5,5.078e-5,,
418.94,1.443e-5,1.443e-5,,
418.99,3.984e-6,3.984e-6,,
419.04,1.069e-6,1.069e-6,,
419.09,2.786e-7,2.786e-7,,
419.14,7.055e-8,7.055e-8,,
419.19,1.736e-8,1.736e-8,,
419.24,4.151e-9,4.151e-9,,
432.59,1.033e-8,1.033e-8,,
432.64,4.023e-8,4.023e-8,,
432.69,1.526e-7,1.526e-7,,
432.74,5.638e-7,5.638e-7,,
432.79,2.029e-6,2.029e-6,,
432.84,7.110e-6,7.110e-6,,
432.89,2.427e-5,2.427e-5,,
432.94,8.066e-5,8.066e-5,,
432.99,2.612e-4,2.612e-4,,
433.04,8.235e-4,8.235e-4,,
433.09,2.529e-3,2.529e-3,,
433.14,7.564e-3,7.564e-3,,
433.19,2.203e-2,2.203e-2,,
433.24,6.252e-2,6.252e-2,,
433.29,1.728e-1,1.728e-1,,
433.34,4.649e-1,4.649e-1,,
433.39,1.219e+0,1.219e+0,,
433.44,3.111e+0,3.111e+0,,
433.49,7.735e+0,7.735e+0,,
433.54,1.873e+1,1.873e+1,,
433.59,4.418e+1,4.418e+1,,
433.64,1.015e+2,1.015e+2,,
433.69,2.270e+2,2.270e+2,,
433.74,4.946e+2,4.946e+2,,
433.79,1.050e+3,1.050e+3,,
433.84,2.169e+3,2.169e+3,,
433.89,4.367e+3,4.367e+3,,
433.94,8.562e+3,8.562e+3,,
433.99,1.635e+4,1.635e+4,,
434.04,3.040e+4,3.040e+4,,
434.09,5.507e+4,5.507e+4,,
434.14,9.714e+4,9.714e+4,,
434.19,1.669e+5,1.669e+5,,
434.24,2.793e+5,2.793e+5,,
434.29,4.551e+5,4.551e+5,,
434.34,7.224e+5,7.224e+5,,
434.39,1.117e+6,1.117e+6,,
434.44,1.681e+6,1.681e+6,,
434.49,2.466e+6,2.466e+6,,
434.54,3.521e+6,3.521e+6,,
434.59,4.898e+6,4.898e+6,,
434.64,6.636e+6,6.636e+6,,
434.69,8.755e+6,8.755e+6,,
434.74,1.125e+7,1.125e+7,,
434.79,1.408e+7,1.408e+7,,
434.84,1.717e+7,1.717e+7,,
434.89,2.038e+7,2.038e+7,,
434.94,2.356e+7,2.356e+7,,
434.99,2.654e+7,2.654e+7,,
435.04,2.910e+7,2.910e+7,,
435.09,3.109e+7,3.109e+7,,
435.14,3.235e+7,3.235e+7,,
435.19,3.278e+7,3.278e+7,,
435.24,3.235e+7,3.235e+7,,
435.29,3.109e+7,3.109e+7,,
435.34,2.910e+7,2.910e+7,,
435.39,2.654e+7,2.654e+7,,
435.44,2.356e+7,2.356e+7,,
435.49,2.038e+7,2.038e+7,,
435.54,1.717e+7,1.717e+7,,
435.59,1.408e+7,1.408e+7,,
435.64,1.125e+7,1.125e+7,,
435.69,8.755e+6,8.755e+6,,
435.74,6.636e+6,6.636e+6,,
435.79,4.898e+6,4.898e+6,,
435.84,3.521e+6,3.521e+6,6.578e-10,
435.89,2.466e+6,2.466e+6,2.537e-9,
435.94,1.681e+6,1.681e+6,9.533e-9,
435.99,1.117e+6,1.117e+6,3.490e-8,
436.04,7.224e+5,7.224e+5,1.245e-7,
436.09,4.551e+5,4.551e+5,4.327e-7,
436.14,2.793e+5,2.793e+5,1.465e-6,
436.19,1.669e+5,1.669e+5,4.835e-6,
436.24,9.714e+4,9.714e+4,1.554e-5,
436.29,5.507e+4,5.507e+4,4.868e-5,
436.34,3.040e+4,3.040e+4,1.486e-4,
436.39,1.635e+4,1.635e+4,4.418e-4,
436.44,8.562e+3,8.562e+3,1.280e-3,
436.49,4.367e+3,4.367e+3,3.613e-3,
436.54,2.170e+3,2.169e+3,9.936e-3,
436.59,1.050e+3,1.050e+3,2.663e-2,
436.64,4.947e+2,4.946e+2,6.952e-2,
436.69,2.272e+2,2.270e+2,1.768e-1,
436.74,1.019e+2,1.015e+2,4.383e-1,
436.79,4.523e+1,4.418e+1,1.058e+0,
436.84,2.122e+1,1.873e+1,2.490e+0,
436.89,1.344e+1,7.735e+0,5.709e+0,
436.94,1.586e+1,3.111e+0,1.275e+1,
436.99,2.897e+1,1.219e+0,2.775e+1,
437.04,5.932e+1,4.649e-1,5.885e+1,
437.09,1.218e+2,1.728e-1,1.216e+2,
437.14,2.448e+2,6.252e-2,2.448e+2,
437.19,4.801e+2,2.203e-2,4.801e+2,
437.24,9.174e+2,7.564e-3,9.174e+2,
437.29,1.708e+3,2.529e-3,1.708e+3,
437.34,3.099e+3,8.235e-4,3.099e+3,
437.39,5.478e+3,2.612e-4,5.478e+3,
437.44,9.435e+3,8.066e-5,9.435e+3,
437.49,1.583e+4,2.427e-5,1.583e+4,
437.54,2.589e+4,7.110e-6,2.589e+4,
437.59,4.126e+4,2.029e-6,4.126e+4,
437.64,6.406e+4,5.638e-7,6.406e+4,
437.69,9.693e+4,1.526e-7,9.693e+4,
437.74,1.429e+5,4.023e-8,1.429e+5,
437.79,2.054e+5,1.033e-8,2.054e+5,
437.84,2.877e+5,,2.877e+5,
437.89,3.929e+5,,3.929e+5,
437.94,5.232e+5,,5.232e+5,
437.99,6.795e+5,,6.795e+5,
438.04,8.610e+5,,8.610e+5,
438.09,1.065e+6,,1.065e+6,
438.14,1.287e+6,,1.287e+6,
438.19,1.520e+6,,1.520e+6,
438.24,1.758e+6,,1.758e+6,
438.29,1.992e+6,,1.992e+6,
438.34,2.216e+6,,2.216e+6,
438.39,2.427e+6,,2.427e+6,
438.44,2.621e+6,,2.621e+6,
438.49,2.802e+6,,2.802e+6,
438.54,2.971e+6,,2.971e+6,
438.59,3.134e+6,,3.134e+6,
438.64,3.295e+6,,3.295e+6,
438.69,3.458e+6,,3.458e+6,
438.74,3.622e+6,,3.622e+6,
438.79,3.782e+6,,3.782e+6,
438.84,3.930e+6,,3.930e+6,
438.89,4.053e+6,,4.053e+6,
438.94,4.137e+6,,4.137e+6,
438.99,4.166e+6,,4.166e+6,
439.04,4.130e+6,,4.130e+6,
439.09,4.021e+6,,4.021e+6,
439.14,3.838e+6,,3.838e+6,
439.19,3.586e+6,,3.586e+6,
439.24,3.276e+6,,3.276e+6,
439.29,2.924e+6,,2.924e+6,
439.34,2.548e+6,,2.548e+6,
439.39,2.167e+6,,2.167e+6,
439.44,1.797e+6,,1.797e+6,
439.49,1.453e+6,,1.453e+6,
439.54,1.146e+6,,1.146e+6,
439.59,8.809e+5,,8.809e+5,
439.64,6.600e+5,,6.600e+5,
439.69,4.819e+5,,4.819e+5,
439.74,3.429e+5,,3.429e+5,
439.79,2.378e+5,,2.378e+5,
439.84,1.607e+5,,1.607e+5,
439.89,1.058e+5,,1.058e+5,
439.94,6.791e+4,,6.791e+4,
439.99,4.246e+4,,4.246e+4,
440.04,2.587e+4,,2.587e+4,
440.09,1.536e+4,,1.536e+4,
440.14,8.885e+3,,8.885e+3,
440.19,5.009e+3,,5.009e+3,
440.24,2.751e+3,,2.751e+3,
440.29,1.472e+3,,1.472e+3,
440.34,7.678e+2,,7.678e+2,
440.39,3.902e+2,,3.902e+2,
440.44,1.932e+2,,1.932e+2,
440.49,9.321e+1,,9.321e+1,
440.54,4.382e+1,,4.382e+1,
440.59,2.007e+1,,2.007e+1,
440.64,8.959e+0,,8.959e+0,
440.69,3.897e+0,,3.897e+0,
440.74,1.651e+0,,1.651e+0,
440.79,6.819e-1,,6.819e-1,
440.84,2.744e-1,,2.744e-1,
440.89,1.076e-1,,1.076e-1,
440.94,4.109e-2,,4.109e-2,
440.99,1.530e-2,,1.530e-2,
441.04,5.549e-3,,5.549e-3,
441.09,1.963e-3,,1.963e-3,
441.14,6.833e-4,,6.833e-4,
441.19,2.516e-4,,2.516e-4,
441.24,1.501e-4,,1.501e-4,
441.29,2.489e-4,,2.489e-4,
441.34,6.582e-4,,6.582e-4,
441.39,1.835e-3,,1.835e-3,
441.44,5.032e-3,,5.032e-3,
441.49,1.347e-2,,1.347e-2,
441.54,3.514e-2,,3.514e-2,
441.59,8.939e-2,,8.939e-2,
441.64,2.217e-1,,2.217e-1,
441.69,5.361e-1,,5.361e-1,
441.74,1.264e+0,,1.264e+0,
441.79,2.905e+0,,2.905e+0,
441.84,6.509e+0,,6.509e+0,
441.89,1.422e+1,,1.422e+1,
441.94,3.029e+1,,3.029e+1,
441.99,6.292e+1,,6.292e+1,
442.04,1.274e+2,,1.274e+2,
442.09,2.516e+2,,2.516e+2,
442.14,4.843e+2,,4.843e+2,
442.19,9.092e+2,,9.092e+2,
442.24,1.664e+3,,1.664e+3,
442.29,2.971e+3,,2.971e+3,
442.34,5.171e+3,,5.171e+3,
442.39,8.778e+3,,8.778e+3,
442.44,1.453e+4,,1.453e+4,
442.49,2.346e+4,,2.346e+4,
442.54,3.695e+4,,3.695e+4,
442.59,5.675e+4,,5.675e+4,
442.64,8.503e+4,,8.503e+4,
442.69,1.243e+5,,1.243e+5,
442.74,1.772e+5,,1.772e+5,
442.79,2.466e+5,,2.466e+5,
442.84,3.348e+5,,3.348e+5,
442.89,4.437e+5,,4.437e+5,
442.94,5.738e+5,,5.738e+5,
442.99,7.244e+5,,7.244e+5,
443.04,8.929e+5,,8.929e+5,
443.09,1.075e+6,,1.075e+6,
443.14,1.263e+6,,1.263e+6,
443.19,1.450e+6,,1.450e+6,
443.24,1.627e+6,,1.627e+6,
443.29,1.783e+6,,1.783e+6,
443.34,1.911e+6,,1.911e+6,
443.39,2.001e+6,,2.001e+6,
443.44,2.049e+6,,2.049e+6,
443.49,2.052e+6,,2.052e+6,
443.54,2.011e+6,,2.011e+6,
443.59,1.927e+6,,1.927e+6,
443.64,1.808e+6,,1.808e+6,
443.69,1.660e+6,,1.660e+6,
443.74,1.491e+6,,1.491e+6,
443.79,1.311e+6,,1.311e+6,
443.84,1.129e+6,,1.129e+6,
443.89,9.519e+5,,9.519e+5,
443.94,7.855e+5,,7.855e+5,
443.99,6.346e+5,,6.346e+5,
444.04,5.018e+5,,5.018e+5,
444.09,3.884e+5,,3.884e+5,
444.14,2.942e+5,,2.942e+5,
444.19,2.181e+5,,2.181e+5,
444.24,1.581e+5,,1.581e+5,
444.29,1.122e+5,,1.122e+5,
444.34,7.779e+4,,7.779e+4,
444.39,5.276e+4,,5.276e+4,
444.44,3.498e+4,,3.498e+4,
444.49,2.266e+4,,2.266e+4,
444.54,1.435e+4,,1.435e+4,
444.59,8.875e+3,,8.875e+3,
444.64,5.362e+3,,5.362e+3,
444.69,3.164e+3,,3.164e+3,
444.74,1.823e+3,,1.823e+3,
444.79,1.025e+3,,1.025e+3,
444.84,5.629e+2,,5.629e+2,
444.89,3.016e+2,,3.016e+2,
444.94,1.578e+2,,1.578e+2,
444.99,8.050e+1,,8.050e+1,
445.04,4.008e+1,,4.008e+1,
445.09,1.947e+1,,1.947e+1,
445.14,9.228e+0,,9.228e+0,
445.19,4.266e+0,,4.266e+0,
445.24,1.923e+0,,1.923e+0,
445.29,8.459e-1,,8.459e-1,
445.34,3.628e-1,,3.628e-1,
445.39,1.518e-1,,1.518e-1,
445.44,6.191e-2,,6.191e-2,
445.49,2.463e-2,,2.463e-2,
445.54,9.557e-3,,9.557e-3,
445.59,3.620e-3,,3.620e-3,
445.64,1.353e-3,,1.353e-3,
445.69,5.475e-4,,5.475e-4,
445.74,3.930e-4,,3.930e-4,
445.79,7.823e-4,,7.823e-4,
445.84,2.299e-3,,2.299e-3,
445.89,7.002e-3,,7.002e-3,
445.94,2.094e-2,,2.094e-2,
445.99,6.112e-2,,6.112e-2,
446.04,1.740e-1,,1.740e-1,
446.09,4.834e-1,,4.834e-1,
446.14,1.310e+0,,1.310e+0,
446.19,3.461e+0,,3.461e+0,
446.24,8.922e+0,,8.922e+0,
446.29,2.244e+1,,2.244e+1,
446.34,5.503e+1,,5.503e+1,
446.39,1.316e+2,,1.316e+2,
446.44,3.072e+2,,3.072e+2,
446.49,6.993e+2,,6.993e+2,
446.54,1.553e+3,,1.553e+3,
446.59,3.363e+3,,3.363e+3,
446.64,7.105e+3,,7.105e+3,
446.69,1.464e+4,,1.464e+4,
446.74,2.943e+4,,2.943e+4,
446.79,5.770e+4,,5.770e+4,
446.84,1.104e+5,,1.104e+5,
446.89,2.059e+5,,2.059e+5,
446.94,3.746e+5,,3.746e+5,
446.99,6.649e+5,,6.649e+5,
447.04,1.151e+6,,1.151e+6,
447.09,1.944e+6,,1.944e+6,
447.14,3.203e+6,,3.203e+6,
447.19,5.146e+6,,5.146e+6,
447.24,8.066e+6,,8.066e+6,
447.29,1.233e+7,,1.233e+7,
447.34,1.839e+7,,1.839e+7,
447.39,2.675e+7,,2.675e+7,
447.44,3.796e+7,,3.796e+7,
447.49,5.254e+7,,5.254e+7,
447.54,7.093e+7,,7.093e+7,
447.59,9.340e+7,,9.340e+7,
447.64,1.200e+8,,1.200e+8,
447.7,1.568e+8,,1.568e+8,
447.75,1.907e+8,,1.907e+8,
447.8,2.262e+8,,2.262e+8,
447.85,2.617e+8,,2.617e+8,
447.9,2.954e+8,,2.954e+8,
447.95,3.252e+8,,3.252e+8,
448,3.492e+8,,3.492e+8,
448.05,3.658e+8,,3.658e+8,
448.1,3.738e+8,,3.738e+8,
448.15,3.725e+8,,3.725e+8,
448.2,3.622e+8,,3.622e+8,
448.25,3.434e+8,,3.434e+8,
448.3,3.177e+8,,3.177e+8,
448.35,2.866e+8,,2.866e+8,
448.4,2.523e+8,,2.523e+8,
448.45,2.166e+8,,2.166e+8,
448.5,1.813e+8,,1.813e+8,
448.55,1.481e+8,,1.481e+8,
448.6,1.180e+8,,1.180e+8,
448.65,9.172e+7,,9.172e+7,
448.7,6.953e+7,,6.953e+7,
448.75,5.141e+7,,5.141e+7,
448.8,3.708e+7,,3.708e+7,
448.85,2.609e+7,,2.609e+7,
448.9,1.791e+7,,1.791e+7,
448.95,1.199e+7,,1.199e+7,
449,7.827e+6,,7.827e+6,
449.05,4.985e+6,,4.985e+6,
449.1,3.097e+6,,3.097e+6,
449.15,1.877e+6,,1.877e+6,
449.2,1.109e+6,,1.109e+6,
449.25,6.397e+5,,6.397e+5,
449.3,3.598e+5,,3.598e+5,
449.35,1.974e+5,,1.974e+5,
449.4,1.056e+5,,1.056e+5,
449.45,5.514e+4,,5.514e+4,
449.5,2.808e+4,,2.808e+4,
449.55,1.394e+4,,1.394e+4,
449.6,6.756e+3,,6.756e+3,
449.65,3.192e+3,,3.192e+3,
449.7,1.472e+3,,1.472e+3,
449.75,6.617e+2,,6.617e+2,
449.8,2.902e+2,,2.902e+2,
449.85,1.241e+2,,1.241e+2,
449.9,5.180e+1,,5.180e+1,
449.95,2.109e+1,,2.109e+1,
450,8.372e+0,,8.372e+0,
450.05,3.242e+0,,3.242e+0,
450.1,1.225e+0,,1.225e+0,
450.15,4.514e-1,,4.514e-1,
450.2,1.622e-1,,1.622e-1,
450.25,5.688e-2,,5.688e-2,
450.3,1.945e-2,,1.945e-2,
450.35,6.490e-3,,6.490e-3,
450.4,2.112e-3,,2.112e-3,
450.45,6.703e-4,,6.703e-4,
450.5,2.075e-4,,2.075e-4,
450.55,6.267e-5,,6.267e-5,
450.6,1.846e-5,,1.846e-5,
450.65,5.305e-6,,5.305e-6,
450.7,1.487e-6,,1.487e-6,
450.75,4.065e-7,,4.065e-7,
450.8,1.084e-7,,1.084e-7,
450.85,1.498e-8,,1.498e-8,
467.45,4.650e-9,4.650e-9,,
467.5,1.668e-8,1.668e-8,,
467.55,5.848e-8,5.848e-8,,
467.6,2.005e-7,2.005e-7,,
467.65,6.719e-7,6.719e-7,,
467.7,2.201e-6,2.201e-6,,
467.75,7.052e-6,7.052e-6,,
467.8,2.209e-5,2.209e-5,,
467.85,6.762e-5,6.762e-5,,
467.9,2.024e-4,2.024e-4,,
467.95,5.923e-4,5.923e-4,,
468,1.695e-3,1.695e-3,,
468.05,4.740e-3,4.740e-3,,
468.1,1.296e-2,1.296e-2,,
468.15,3.465e-2,3.465e-2,,
468.2,9.057e-2,9.057e-2,,
468.25,2.314e-1,2.314e-1,,
468.3,5.781e-1,5.781e-1,,
468.35,1.412e+0,1.412e+0,,
468.4,3.371e+0,3.371e+0,,
468.45,7.870e+0,7.870e+0,,
468.5,1.796e+1,1.796e+1,,
468.55,4.007e+1,4.007e+1,,
468.6,8.741e+1,8.741e+1,,
468.65,1.864e+2,1.864e+2,,
468.7,3.886e+2,3.886e+2,,
468.75,7.921e+2,7.921e+2,,
468.8,1.578e+3,1.578e+3,,
468.85,3.075e+3,3.075e+3,,
468.9,5.856e+3,5.856e+3,,
468.95,1.090e+4,1.090e+4,,
469,1.985e+4,1.985e+4,,
469.05,3.533e+4,3.533e+4,,
469.1,6.147e+4,6.147e+4,,
469.15,1.046e+5,1.046e+5,,
469.2,1.739e+5,1.739e+5,,
469.25,2.827e+5,2.827e+5,,
469.3,4.494e+5,4.494e+5,,
469.35,6.983e+5,6.983e+5,,
469.4,1.061e+6,1.061e+6,,
469.45,1.576e+6,1.576e+6,,
469.5,2.288e+6,2.288e+6,,
469.55,3.248e+6,3.248e+6,,
469.6,4.508e+6,4.508e+6,,
469.65,6.117e+6,6.117e+6,,
469.7,8.115e+6,8.115e+6,,
469.75,1.052e+7,1.052e+7,,
469.8,1.334e+7,1.334e+7,,
469.85,1.654e+7,1.654e+7,,
469.9,2.004e+7,2.004e+7,,
469.95,2.375e+7,2.375e+7,,
470,2.751e+7,2.751e+7,,
470.05,3.115e+7,3.115e+7,,
470.1,3.448e+7,3.448e+7,,
470.15,3.732e+7,3.732e+7,,
470.2,3.949e+7,3.949e+7,,
470.25,4.085e+7,4.085e+7,,
470.3,4.132e+7,4.132e+7,,
470.35,4.085e+7,4.085e+7,,
470.4,3.949e+7,3.949e+7,,
470.45,3.732e+7,3.732e+7,,
470.5,3.448e+7,3.448e+7,,
470.55,3.115e+7,3.115e+7,,
470.6,2.751e+7,2.751e+7,,
470.65,2.375e+7,2.375e+7,,
470.7,2.004e+7,2.004e+7,,
470.75,1.654e+7,1.654e+7,,
470.8,1.334e+7,1.334e+7,,
470.85,1.052e+7,1.052e+7,,
470.9,8.115e+6,8.115e+6,,
470.95,6.117e+6,6.117e+6,,
471,4.508e+6,4.508e+6,,
471.05,3.248e+6,3.248e+6,,
471.1,2.288e+6,2.288e+6,1.225e-10,
471.15,1.576e+6,1.576e+6,4.334e-10,
471.2,1.061e+6,1.061e+6,1.500e-9,
471.25,6.983e+5,6.983e+5,5.075e-9,
471.3,4.494e+5,4.494e+5,1.680e-8,
471.35,2.827e+5,2.827e+5,5.436e-8,
471.4,1.739e+5,1.739e+5,1.721e-7,
471.45,1.046e+5,1.046e+5,5.327e-7,
471.5,6.147e+4,6.147e+4,1.613e-6,
471.55,3.533e+4,3.533e+4,4.776e-6,
471.6,1.985e+4,1.985e+4,1.383e-5,
471.65,1.090e+4,1.090e+4,3.917e-5,
471.7,5.856e+3,5.856e+3,1.085e-4,
471.75,3.075e+3,3.075e+3,2.939e-4,
471.8,1.578e+3,1.578e+3,7.787e-4,
471.85,7.921e+2,7.921e+2,2.018e-3,
471.9,3.886e+2,3.886e+2,5.112e-3,
471.95,1.864e+2,1.864e+2,1.267e-2,
472,8.744e+1,8.741e+1,3.071e-2,
472.05,4.014e+1,4.007e+1,7.279e-2,
472.1,1.813e+1,1.796e+1,1.687e-1,
472.15,8.252e+0,7.870e+0,3.825e-1,
472.2,4.220e+0,3.371e+0,8.482e-1,
472.25,3.251e+0,1.412e+0,1.839e+0,
472.3,4.479e+0,5.781e-1,3.900e+0,
472.35,8.321e+0,2.314e-1,8.090e+0,
472.4,1.650e+1,9.057e-2,1.641e+1,
472.45,3.259e+1,3.465e-2,3.255e+1,
472.5,6.317e+1,1.296e-2,6.315e+1,
472.55,1.198e+2,4.740e-3,1.198e+2,
472.6,2.224e+2,1.695e-3,2.224e+2,
472.65,4.035e+2,5.923e-4,4.035e+2,
472.7,7.162e+2,2.024e-4,7.162e+2,
472.75,1.243e+3,6.762e-5,1.243e+3,
472.8,2.111e+3,2.209e-5,2.111e+3,
472.85,3.504e+3,7.052e-6,3.504e+3,
472.9,5.690e+3,2.201e-6,5.690e+3,
472.95,9.035e+3,6.719e-7,9.035e+3,
473,1.403e+4,2.005e-7,1.403e+4,
473.05,2.131e+4,5.848e-8,2.131e+4,
473.1,3.166e+4,1.668e-8,3.166e+4,
473.15,4.599e+4,4.650e-9,4.599e+4,
473.2,6.535e+4,,6.535e+4,
473.25,9.080e+4,,9.080e+4,
473.3,1.234e+5,,1.234e+5,
473.35,1.640e+5,,1.640e+5,
473.4,2.131e+5,,2.131e+5,
473.45,2.709e+5,,2.709e+5,
473.5,3.368e+5,,3.368e+5,
473.55,4.095e+5,,4.095e+5,
473.6,4.870e+5,,4.870e+5,
473.65,5.663e+5,,5.663e+5,
473.7,6.441e+5,,6.441e+5,
473.75,7.164e+5,,7.164e+5,
473.8,7.793e+5,,7.793e+5,
473.85,8.291e+5,,8.291e+5,
473.9,8.626e+5,,8.626e+5,
473.95,8.778e+5,,8.778e+5,
474,8.735e+5,,8.735e+5,
474.05,8.502e+5,,8.502e+5,
474.1,8.092e+5,,8.092e+5,
474.15,7.533e+5,,7.533e+5,
474.2,6.858e+5,,6.858e+5,
474.25,6.106e+5,,6.106e+5,
474.3,5.317e+5,,5.317e+5,
474.35,4.528e+5,,4.528e+5,
474.4,3.772e+5,,3.772e+5,
474.45,3.072e+5,,3.072e+5,
474.5,2.447e+5,,2.447e+5,
474.55,1.907e+5,,1.907e+5,
474.6,1.453e+5,,1.453e+5,
474.65,1.083e+5,,1.083e+5,
474.7,7.890e+4,,7.890e+4,
474.75,5.624e+4,,5.624e+4,
474.8,3.920e+4,,3.920e+4,
474.85,2.672e+4,,2.672e+4,
474.9,1.782e+4,,1.782e+4,
474.95,1.162e+4,,1.162e+4,
475,7.408e+3,,7.408e+3,
475.05,4.620e+3,,4.620e+3,
475.1,2.818e+3,,2.818e+3,
475.15,1.681e+3,,1.681e+3,
475.2,9.806e+2,,9.806e+2,
475.25,5.595e+2,,5.595e+2,
475.3,3.122e+2,,3.122e+2,
475.35,1.704e+2,,1.704e+2,
475.4,9.093e+1,,9.093e+1,
475.45,4.746e+1,,4.746e+1,
475.5,2.423e+1,,2.423e+1,
475.55,1.209e+1,,1.209e+1,
475.6,5.905e+0,,5.905e+0,
475.65,2.820e+0,,2.820e+0,
475.7,1.317e+0,,1.317e+0,
475.75,6.014e-1,,6.014e-1,
475.8,2.686e-1,,2.686e-1,
475.85,1.173e-1,,1.173e-1,
475.9,5.013e-2,,5.013e-2,
475.95,2.095e-2,,2.095e-2,
476,8.560e-3,,8.560e-3,
476.05,3.421e-3,,3.421e-3,
476.1,1.337e-3,,1.337e-3,
476.15,5.110e-4,,5.110e-4,
476.2,1.910e-4,,1.910e-4,
476.25,6.984e-5,,6.984e-5,
476.3,2.497e-5,,2.497e-5,
476.35,8.733e-6,,8.733e-6,
476.4,2.986e-6,,2.986e-6,
476.45,9.989e-7,,9.989e-7,
476.5,3.267e-7,,3.267e-7,
476.55,1.045e-7,,1.045e-7,
476.6,3.270e-8,,3.270e-8,
476.65,1.001e-8,,1.001e-8,
476.7,2.994e-9,,2.994e-9,
476.75,8.763e-10,,8.763e-10,
476.8,2.508e-10,,2.508e-10,
513.62,1.280e-8,1.280e-8,,
513.67,4.064e-8,4.064e-8,,
513.72,1.266e-7,1.266e-7,,
513.77,3.873e-7,3.873e-7,,
513.82,1.163e-6,1.163e-6,,
513.87,3.425e-6,3.425e-6,,
513.92,9.904e-6,9.904e-6,,
513.97,2.811e-5,2.811e-5,,
514.02,7.828e-5,7.828e-5,,
514.07,2.140e-4,2.140e-4,,
514.12,5.740e-4,5.740e-4,,
514.17,1.511e-3,1.511e-3,,
514.22,3.906e-3,3.906e-3,,
514.27,9.906e-3,9.906e-3,,
514.32,2.466e-2,2.466e-2,,
514.37,6.024e-2,6.024e-2,,
514.42,1.444e-1,1.444e-1,,
514.47,3.399e-1,3.399e-1,,
514.52,7.850e-1,7.850e-1,,
514.57,1.779e+0,1.779e+0,,
514.62,3.959e+0,3.959e+0,,
514.67,8.644e+0,8.644e+0,,
514.72,1.852e+1,1.852e+1,,
514.77,3.896e+1,3.896e+1,,
514.82,8.042e+1,8.042e+1,,
514.87,1.629e+2,1.629e+2,,
514.92,3.240e+2,3.240e+2,,
514.97,6.323e+2,6.323e+2,,
515.02,1.211e+3,1.211e+3,,
515.07,2.277e+3,2.277e+3,,
515.12,4.202e+3,4.202e+3,,
515.17,7.610e+3,7.610e+3,,
515.22,1.353e+4,1.353e+4,,
515.27,2.360e+4,2.360e+4,,
515.32,4.042e+4,4.042e+4,,
515.37,6.796e+4,6.796e+4,,
515.42,1.121e+5,1.121e+5,,
515.47,1.817e+5,1.817e+5,,
515.52,2.889e+5,2.889e+5,,
515.57,4.511e+5,4.511e+5,,
515.62,6.914e+5,6.914e+5,,
515.67,1.041e+6,1.041e+6,,
515.72,1.538e+6,1.538e+6,,
515.77,2.233e+6,2.233e+6,,
515.82,3.183e+6,3.183e+6,,
515.87,4.459e+6,4.459e+6,,
515.92,6.137e+6,6.137e+6,,
515.97,8.302e+6,8.302e+6,,
516.02,1.104e+7,1.104e+7,,
516.07,1.444e+7,1.444e+7,,
516.12,1.859e+7,1.859e+7,,
516.17,2.355e+7,2.355e+7,,
516.22,2.938e+7,2.938e+7,,
516.27,3.612e+7,3.612e+7,,
516.32,4.380e+7,4.380e+7,,
516.37,5.241e+7,5.241e+7,,
516.42,6.193e+7,6.193e+7,,
516.47,7.234e+7,7.234e+7,,
516.52,8.358e+7,8.358e+7,,
516.57,9.558e+7,9.558e+7,,
516.62,1.083e+8,1.083e+8,,
516.67,1.215e+8,1.215e+8,,
516.72,1.353e+8,1.353e+8,,
516.77,1.493e+8,1.493e+8,,
516.82,1.633e+8,1.633e+8,,
516.87,1.771e+8,1.771e+8,,
516.92,1.903e+8,1.903e+8,,
516.97,2.025e+8,2.025e+8,,
517.02,2.133e+8,2.133e+8,,
517.07,2.223e+8,2.223e+8,,
517.12,2.289e+8,2.289e+8,,
517.17,2.330e+8,2.330e+8,,
517.22,2.342e+8,2.342e+8,,
517.27,2.326e+8,2.326e+8,,
517.32,2.282e+8,2.282e+8,,
517.37,2.215e+8,2.215e+8,,
517.42,2.131e+8,2.131e+8,,
517.47,2.035e+8,2.035e+8,,
517.52,1.938e+8,1.938e+8,,
517.57,1.849e+8,1.849e+8,,
517.62,1.778e+8,1.778e+8,,
517.67,1.733e+8,1.733e+8,,
517.72,1.722e+8,1.722e+8,,
517.77,1.750e+8,1.750e+8,,
517.82,1.821e+8,1.821e+8,,
517.87,1.933e+8,1.933e+8,,
517.92,2.083e+8,2.083e+8,,
517.97,2.264e+8,2.264e+8,,
518.02,2.466e+8,2.466e+8,,
518.07,2.678e+8,2.678e+8,,
518.12,2.885e+8,2.885e+8,,
518.17,3.076e+8,3.076e+8,,
518.22,3.235e+8,3.235e+8,,
518.27,3.352e+8,3.352e+8,,
518.32,3.417e+8,3.417e+8,,
518.37,3.425e+8,3.425e+8,,
518.42,3.373e+8,3.373e+8,,
518.47,3.263e+8,3.263e+8,,
518.52,3.100e+8,3.100e+8,,
518.57,2.892e+8,2.892e+8,,
518.62,2.649e+8,2.649e+8,,
518.67,2.382e+8,2.382e+8,,
518.72,2.102e+8,2.102e+8,,
518.77,1.821e+8,1.821e+8,,
518.82,1.549e+8,1.549e+8,,
518.87,1.293e+8,1.293e+8,,
518.92,1.060e+8,1.060e+8,,
518.97,8.522e+7,8.522e+7,,
519.02,6.728e+7,6.728e+7,,
519.07,5.214e+7,5.214e+7,,
519.12,3.966e+7,3.966e+7,,
519.17,2.961e+7,2.961e+7,,
519.22,2.170e+7,2.170e+7,,
519.27,1.561e+7,1.561e+7,,
519.32,1.102e+7,1.102e+7,,
519.37,7.641e+6,7.641e+6,,
519.42,5.199e+6,5.199e+6,,
519.47,3.471e+6,3.471e+6,,
519.52,2.275e+6,2.275e+6,,
519.57,1.464e+6,1.464e+6,,
519.62,9.245e+5,9.245e+5,,
519.67,5.731e+5,5.731e+5,,
519.72,3.487e+5,3.487e+5,,
519.77,2.083e+5,2.083e+5,,
519.82,1.221e+5,1.221e+5,,
519.87,7.025e+4,7.025e+4,,
519.92,3.968e+4,3.968e+4,,
519.97,2.200e+4,2.200e+4,,
520.02,1.197e+4,1.197e+4,,
520.07,6.394e+3,6.394e+3,,
520.12,3.352e+3,3.352e+3,,
520.17,1.725e+3,1.725e+3,,
520.22,8.714e+2,8.714e+2,,
520.27,4.321e+2,4.321e+2,,
520.32,2.103e+2,2.103e+2,,
520.37,1.005e+2,1.005e+2,,
520.42,4.710e+1,4.710e+1,,
520.47,2.168e+1,2.168e+1,,
520.52,9.794e+0,9.794e+0,,
520.57,4.343e+0,4.343e+0,,
520.62,1.890e+0,1.890e+0,,
520.67,8.077e-1,8.077e-1,,
520.72,3.387e-1,3.387e-1,,
520.77,1.394e-1,1.394e-1,,
520.82,5.633e-2,5.633e-2,,
520.87,2.234e-2,2.234e-2,,
520.92,8.698e-3,8.698e-3,,
520.97,3.323e-3,3.323e-3,,
521.02,1.246e-3,1.246e-3,,
521.07,4.589e-4,4.589e-4,,
521.12,1.658e-4,1.658e-4,,
521.17,5.882e-5,5.882e-5,,
521.22,2.048e-5,2.048e-5,,
521.27,6.998e-6,6.998e-6,,
521.32,2.348e-6,2.348e-6,,
521.37,7.730e-7,7.730e-7,,
521.42,2.498e-7,2.498e-7,,
521.47,7.925e-8,7.925e-8,,
523.27,3.477e-10,,3.477e-10,
523.32,1.076e-9,,1.076e-9,
523.37,3.272e-9,,3.272e-9,
523.42,9.769e-9,,9.769e-9,
523.47,2.865e-8,,2.865e-8,
523.52,8.250e-8,,8.250e-8,
523.57,2.333e-7,,2.333e-7,
523.62,6.482e-7,,6.482e-7,
523.67,1.768e-6,,1.768e-6,
523.72,4.738e-6,,4.738e-6,
523.77,1.247e-5,,1.247e-5,
523.82,3.223e-5,,3.223e-5,
523.87,8.181e-5,,8.181e-5,
523.92,2.040e-4,,2.040e-4,
523.97,4.994e-4,,4.994e-4,
524.02,1.201e-3,,1.201e-3,
524.07,2.836e-3,,2.836e-3,
524.12,6.579e-3,,6.579e-3,
524.17,1.499e-2,,1.499e-2,
524.22,3.353e-2,,3.353e-2,
524.27,7.369e-2,,7.369e-2,
524.32,1.590e-1,,1.590e-1,
524.37,3.371e-1,,3.371e-1,
524.42,7.017e-1,,7.017e-1,
524.47,1.435e+0,,1.435e+0,
524.52,2.881e+0,,2.881e+0,
524.57,5.681e+0,,5.681e+0,
524.62,1.100e+1,,1.100e+1,
524.67,2.093e+1,,2.093e+1,
524.72,3.911e+1,,3.911e+1,
524.77,7.176e+1,,7.176e+1,
524.82,1.293e+2,,1.293e+2,
524.87,2.289e+2,,2.289e+2,
524.92,3.979e+2,,3.979e+2,
524.97,6.792e+2,,6.792e+2,
525.02,1.139e+3,,1.139e+3,
525.07,1.875e+3,,1.875e+3,
525.12,3.033e+3,,3.033e+3,
525.17,4.818e+3,,4.818e+3,
525.22,7.516e+3,,7.516e+3,
525.27,1.152e+4,,1.152e+4,
525.32,1.733e+4,,1.733e+4,
525.37,2.561e+4,,2.561e+4,
525.42,3.717e+4,,3.717e+4,
525.47,5.299e+4,,5.299e+4,
525.52,7.419e+4,,7.419e+4,
525.57,1.020e+5,,1.020e+5,
525.62,1.378e+5,,1.378e+5,
525.67,1.827e+5,,1.827e+5,
525.72,2.381e+5,,2.381e+5,
525.77,3.046e+5,,3.046e+5,
525.82,3.827e+5,,3.827e+5,
525.87,4.723e+5,,4.723e+5,
525.92,5.724e+5,,5.724e+5,
525.97,6.814e+5,,6.814e+5,
526.02,7.966e+5,,7.966e+5,
526.07,9.146e+5,,9.146e+5,
526.12,1.031e+6,,1.031e+6,
526.17,1.142e+6,,1.142e+6,
526.22,1.243e+6,,1.243e+6,
526.27,1.327e+6,,1.327e+6,
526.32,1.393e+6,,1.393e+6,
526.37,1.435e+6,,1.435e+6,
526.42,1.453e+6,,1.453e+6,
526.47,1.444e+6,,1.444e+6,
526.52,1.409e+6,,1.409e+6,
526.57,1.351e+6,,1.351e+6,
526.62,1.272e+6,,1.272e+6,
526.67,1.177e+6,,1.177e+6,
526.72,1.069e+6,,1.069e+6,
526.77,9.535e+5,,9.535e+5,
526.82,8.354e+5,,8.354e+5,
526.87,7.188e+5,,7.188e+5,
526.92,6.075e+5,,6.075e+5,
526.97,5.042e+5,,5.042e+5,
527.02,4.110e+5,,4.110e+5,
527.07,3.291e+5,,3.291e+5,
527.12,2.587e+5,,2.587e+5,
527.17,1.998e+5,,1.998e+5,
527.22,1.515e+5,,1.515e+5,
527.27,1.129e+5,,1.129e+5,
527.32,8.259e+4,,8.259e+4,
527.37,5.934e+4,,5.934e+4,
527.42,4.187e+4,,4.187e+4,
527.47,2.902e+4,,2.902e+4,
527.52,1.975e+4,,1.975e+4,
527.57,1.321e+4,,1.321e+4,
527.62,8.671e+3,,8.671e+3,
527.67,5.591e+3,,5.591e+3,
527.72,3.541e+3,,3.541e+3,
527.77,2.203e+3,,2.203e+3,
527.82,1.346e+3,,1.346e+3,
527.87,8.073e+2,,8.073e+2,
527.92,4.757e+2,,4.757e+2,
527.97,2.753e+2,,2.753e+2,
528.02,1.565e+2,,1.565e+2,
528.07,8.735e+1,,8.735e+1,
528.12,4.789e+1,,4.789e+1,
528.17,2.579e+1,,2.579e+1,
528.22,1.364e+1,,1.364e+1,
528.27,7.083e+0,,7.083e+0,
528.32,3.613e+0,,3.613e+0,
528.37,1.810e+0,,1.810e+0,
528.42,8.907e-1,,8.907e-1,
528.47,4.305e-1,,4.305e-1,
528.52,2.043e-1,,2.043e-1,
528.57,9.523e-2,,9.523e-2,
528.62,4.360e-2,,4.360e-2,
528.67,1.960e-2,,1.960e-2,
528.72,8.657e-3,,8.657e-3,
528.77,3.754e-3,,3.754e-3,
528.82,1.599e-3,,1.599e-3,
528.87,6.690e-4,,6.690e-4,
528.92,2.749e-4,,2.749e-4,
528.97,1.109e-4,,1.109e-4,
529.02,4.396e-5,,4.396e-5,
529.07,1.711e-5,,1.711e-5,
529.12,6.542e-6,,6.542e-6,
529.17,2.456e-6,,2.456e-6,
529.22,9.057e-7,,9.057e-7,
529.27,3.280e-7,,3.280e-7,
529.32,1.167e-7,,1.167e-7,
529.37,4.075e-8,,4.075e-8,
529.42,1.398e-8,,1.398e-8,
529.47,4.711e-9,,4.711e-9,
529.52,1.559e-9,,1.559e-9,
529.57,5.068e-10,,5.068e-10,
529.62,8.532e-11,,8.532e-11,
549.53,7.601e-9,7.601e-9,,
549.58,2.227e-8,2.227e-8,,
549.63,6.417e-8,6.417e-8,,
549.68,1.819e-7,1.819e-7,,
549.73,5.074e-7,5.074e-7,,
549.78,1.392e-6,1.392e-6,,
549.83,3.759e-6,3.759e-6,,
549.88,9.981e-6,9.981e-6,,
549.93,2.608e-5,2.608e-5,,
549.98,6.702e-5,6.702e-5,,
550.03,1.694e-4,1.694e-4,,
550.08,4.215e-4,4.215e-4,,
550.13,1.031e-3,1.031e-3,,
550.18,2.483e-3,2.483e-3,,
550.23,5.880e-3,5.880e-3,,
550.28,1.370e-2,1.370e-2,,
550.33,3.140e-2,3.140e-2,,
550.38,7.080e-2,7.080e-2,,
550.43,1.570e-1,1.570e-1,,
550.48,3.427e-1,3.427e-1,,
550.53,7.357e-1,7.357e-1,,
550.58,1.554e+0,1.554e+0,,
550.63,3.228e+0,3.228e+0,,
550.68,6.599e+0,6.599e+0,,
550.73,1.327e+1,1.327e+1,,
550.78,2.625e+1,2.625e+1,,
550.83,5.108e+1,5.108e+1,,
550.88,9.780e+1,9.780e+1,,
550.93,1.842e+2,1.842e+2,,
550.98,3.413e+2,3.413e+2,,
551.03,6.222e+2,6.222e+2,,
551.08,1.116e+3,1.116e+3,,
551.13,1.968e+3,1.968e+3,,
551.18,3.416e+3,3.416e+3,,
551.23,5.832e+3,5.832e+3,,
551.28,9.797e+3,9.797e+3,,
551.33,1.619e+4,1.619e+4,,
551.38,2.632e+4,2.632e+4,,
551.43,4.208e+4,4.208e+4,,
551.48,6.621e+4,6.621e+4,,
551.53,1.025e+5,1.025e+5,,
551.58,1.560e+5,1.560e+5,,
551.63,2.337e+5,2.337e+5,,
551.68,3.444e+5,3.444e+5,,
551.73,4.993e+5,4.993e+5,,
551.78,7.121e+5,7.121e+5,,
551.83,9.991e+5,9.991e+5,,
551.88,1.379e+6,1.379e+6,,
551.93,1.873e+6,1.873e+6,,
551.98,2.501e+6,2.501e+6,,
552.03,3.287e+6,3.287e+6,,
552.08,4.250e+6,4.250e+6,,
552.13,5.405e+6,5.405e+6,,
552.18,6.763e+6,6.763e+6,,
552.23,8.325e+6,8.325e+6,,
552.28,1.008e+7,1.008e+7,,
552.33,1.201e+7,1.201e+7,,
552.38,1.408e+7,1.408e+7,,
552.43,1.623e+7,1.623e+7,,
552.48,1.841e+7,1.841e+7,,
552.53,2.054e+7,2.054e+7,,
552.58,2.255e+7,2.255e+7,,
552.63,2.435e+7,2.435e+7,,
552.68,2.587e+7,2.587e+7,,
552.73,2.704e+7,2.704e+7,,
552.78,2.780e+7,2.780e+7,,
552.83,2.812e+7,2.812e+7,,
552.88,2.798e+7,2.798e+7,,
552.93,2.739e+7,2.739e+7,,
552.98,2.638e+7,2.638e+7,,
553.03,2.499e+7,2.499e+7,,
553.08,2.330e+7,2.330e+7,,
553.13,2.136e+7,2.136e+7,,
553.18,1.927e+7,1.927e+7,,
553.23,1.710e+7,1.710e+7,,
553.28,1.493e+7,1.493e+7,,
553.33,1.282e+7,1.282e+7,,
553.38,1.083e+7,1.083e+7,,
553.43,9.005e+6,9.005e+6,,
553.48,7.364e+6,7.364e+6,,
553.53,5.924e+6,5.924e+6,,
553.58,4.688e+6,4.688e+6,,
553.63,3.650e+6,3.650e+6,,
553.68,2.796e+6,2.796e+6,,
553.73,2.107e+6,2.107e+6,,
553.78,1.562e+6,1.562e+6,,
553.83,1.139e+6,1.139e+6,,
553.88,8.170e+5,8.170e+5,,
553.93,5.766e+5,5.766e+5,,
553.98,4.004e+5,4.004e+5,,
554.03,2.735e+5,2.735e+5,,
554.08,1.838e+5,1.838e+5,,
554.13,1.215e+5,1.215e+5,,
554.18,7.900e+4,7.900e+4,,
554.23,5.055e+4,5.055e+4,,
554.28,3.181e+4,3.181e+4,,
554.33,1.970e+4,1.970e+4,,
554.38,1.200e+4,1.200e+4,,
554.43,7.191e+3,7.191e+3,,
554.48,4.239e+3,4.239e+3,,
554.53,2.459e+3,2.459e+3,,
554.58,1.403e+3,1.403e+3,,
554.63,7.874e+2,7.874e+2,,
554.68,4.348e+2,4.348e+2,,
554.73,2.362e+2,2.362e+2,,
554.78,1.262e+2,1.262e+2,,
554.83,6.637e+1,6.637e+1,,
554.88,3.433e+1,3.433e+1,,
554.93,1.747e+1,1.747e+1,,
554.98,8.743e+0,8.743e+0,,
555.03,4.306e+0,4.306e+0,,
555.08,2.086e+0,2.086e+0,,
555.13,9.941e-1,9.941e-1,,
555.18,4.661e-1,4.661e-1,,
555.23,2.150e-1,2.150e-1,,
555.28,9.756e-2,9.756e-2,,
555.33,4.355e-2,4.355e-2,,
555.38,1.913e-2,1.913e-2,,
555.43,8.263e-3,8.263e-3,,
555.48,3.512e-3,3.512e-3,,
555.53,1.468e-3,1.468e-3,,
555.58,6.041e-4,6.041e-4,,
555.63,2.444e-4,2.444e-4,,
555.68,9.731e-5,9.731e-5,,
555.73,3.811e-5,3.811e-5,,
555.78,1.468e-5,1.468e-5,,
555.83,5.566e-6,5.566e-6,,
555.88,2.075e-6,2.075e-6,,
555.93,7.614e-7,7.614e-7,,
555.98,2.748e-7,2.748e-7,,
556.03,9.755e-8,9.755e-8,,
556.08,3.407e-8,3.407e-8,,
556.13,1.171e-8,1.171e-8,,
556.18,3.957e-9,3.957e-9,,