Wavelength (nm),Sum,Sm I (4.2e-03),Sm II (8.5e-01)
354.66,2.802e-7,,2.802e-7
354.71,1.510e-6,,1.510e-6
354.76,7.829e-6,,7.829e-6
354.81,3.901e-5,,3.901e-5
354.86,1.869e-4,,1.869e-4
354.91,8.612e-4,,8.612e-4
354.96,3.815e-3,,3.815e-3
355.01,1.625e-2,,1.625e-2
355.07,8.779e-2,,8.779e-2
355.12,3.430e-1,,3.430e-1
355.17,1.288e+0,,1.288e+0
355.22,4.652e+0,,4.652e+0
355.27,1.615e+1,,1.615e+1
355.32,5.393e+1,,5.393e+1
355.37,1.731e+2,,1.731e+2
355.42,5.344e+2,,5.344e+2
355.47,1.586e+3,,1.586e+3
355.52,4.525e+3,,4.525e+3
355.57,1.241e+4,,1.241e+4
355.62,3.275e+4,,3.275e+4
355.67,8.305e+4,,8.305e+4
355.72,2.025e+5,,2.025e+5
355.77,4.749e+5,,4.749e+5
355.82,1.070e+6,,1.070e+6
355.87,2.320e+6,,2.320e+6
355.92,4.836e+6,,4.836e+6
355.97,9.690e+6,,9.690e+6
356.02,1.867e+7,,1.867e+7
356.07,3.459e+7,,3.459e+7
356.12,6.160e+7,,6.160e+7
356.17,1.055e+8,,1.055e+8
356.22,1.737e+8,,1.737e+8
356.27,2.750e+8,,2.750e+8
356.32,4.187e+8,,4.187e+8
356.37,6.128e+8,,6.128e+8
356.42,8.623e+8,,8.623e+8
356.47,1.167e+9,,1.167e+9
356.52,1.518e+9,,1.518e+9
356.57,1.899e+9,,1.899e+9
356.62,2.284e+9,,2.284e+9
356.67,2.641e+9,,2.641e+9
356.72,2.936e+9,,2.936e+9
356.77,3.139e+9,,3.139e+9
356.82,3.226e+9,,3.226e+9
356.87,3.188e+9,,3.188e+9
356.92,3.030e+9,,3.030e+9
356.97,2.768e+9,,2.768e+9
357.02,2.432e+9,,2.432e+9
357.07,2.054e+9,,2.054e+9
357.12,1.668e+9,,1.668e+9
357.17,1.302e+9,,1.302e+9
357.22,9.778e+8,,9.778e+8
357.27,7.058e+8,,7.058e+8
357.32,4.899e+8,,4.899e+8
357.37,3.269e+8,,3.269e+8
357.42,2.098e+8,,2.098e+8
357.47,1.294e+8,,1.294e+8
357.52,7.676e+7,,7.676e+7
357.57,4.378e+7,,4.378e+7
357.62,2.400e+7,,2.400e+7
357.67,1.266e+7,,1.266e+7
357.72,6.416e+6,,6.416e+6
357.77,3.127e+6,,3.127e+6
357.82,1.466e+6,,1.466e+6
357.87,6.614e+5,,6.614e+5
357.92,2.891e+5,,2.891e+5
357.97,1.274e+5,,1.274e+5
358.02,6.967e+4,,6.967e+4
358.07,7.460e+4,,7.460e+4
358.12,1.454e+5,,1.454e+5
358.17,3.313e+5,,3.313e+5
358.22,7.515e+5,,7.515e+5
358.27,1.648e+6,,1.648e+6
358.32,3.481e+6,,3.481e+6
358.37,7.072e+6,,7.072e+6
358.42,1.382e+7,,1.382e+7
358.47,2.599e+7,,2.599e+7
358.52,4.702e+7,,4.702e+7
358.57,8.182e+7,,8.182e+7
358.62,1.370e+8,,1.370e+8
358.67,2.206e+8,,2.206e+8
358.72,3.417e+8,,3.417e+8
358.77,5.093e+8,,5.093e+8
358.82,7.302e+8,,7.302e+8
358.87,1.007e+9,,1.007e+9
358.92,1.336e+9,,1.336e+9
358.97,1.706e+9,,1.706e+9
359.02,2.094e+9,,2.094e+9
359.07,2.474e+9,,2.474e+9
359.12,2.811e+9,,2.811e+9
359.17,3.073e+9,,3.073e+9
359.22,3.232e+9,,3.232e+9
359.27,3.270e+9,,3.270e+9
359.32,3.182e+9,,3.182e+9
359.37,2.980e+9,,2.980e+9
359.42,2.684e+9,,2.684e+9
359.47,2.325e+9,,2.325e+9
359.52,1.938e+9,,1.938e+9
359.57,1.554e+9,,1.554e+9
359.62,1.199e+9,,1.199e+9
359.67,8.897e+8,,8.897e+8
359.72,6.352e+8,,6.352e+8
359.77,4.362e+8,,4.362e+8
359.82,2.883e+8,,2.883e+8
359.87,1.835e+8,,1.835e+8
359.92,1.128e+8,,1.128e+8
359.97,6.759e+7,,6.759e+7
360.02,4.086e+7,,4.086e+7
360.07,2.748e+7,,2.748e+7
360.12,2.450e+7,,2.450e+7
360.17,3.109e+7,,3.109e+7
360.22,4.854e+7,,4.854e+7
360.27,8.014e+7,,8.014e+7
360.32,1.310e+8,,1.310e+8
360.37,2.078e+8,,2.078e+8
360.42,3.180e+8,,3.180e+8
360.47,4.684e+8,,4.684e+8
360.52,6.642e+8,,6.642e+8
360.57,9.063e+8,,9.063e+8
360.62,1.190e+9,,1.190e+9
360.67,1.504e+9,,1.504e+9
360.72,1.829e+9,,1.829e+9
360.77,2.141e+9,,2.141e+9
360.82,2.411e+9,,2.411e+9
360.87,2.614e+9,,2.614e+9
360.92,2.727e+9,,2.727e+9
360.97,2.737e+9,,2.737e+9
361.02,2.644e+9,,2.644e+9
361.07,2.458e+9,,2.458e+9
361.12,2.199e+9,,2.199e+9
361.17,1.894e+9,,1.894e+9
361.22,1.569e+9,,1.569e+9
361.27,1.251e+9,,1.251e+9
361.32,9.600e+8,,9.600e+8
361.37,7.089e+8,,7.089e+8
361.42,5.038e+8,,5.038e+8
361.47,3.446e+8,,3.446e+8
361.52,2.268e+8,,2.268e+8
361.57,1.436e+8,,1.436e+8
361.62,8.755e+7,,8.755e+7
361.67,5.135e+7,,5.135e+7
361.72,2.899e+7,,2.899e+7
361.77,1.575e+7,,1.575e+7
361.82,8.233e+6,,8.233e+6
361.87,4.142e+6,,4.142e+6
361.92,2.005e+6,,2.005e+6
361.97,9.346e+5,,9.346e+5
362.02,4.197e+5,,4.197e+5
362.07,1.828e+5,,1.828e+5
362.12,8.064e+4,,8.064e+4
362.17,4.474e+4,,4.474e+4
362.22,4.909e+4,,4.909e+4
362.27,9.636e+4,,9.636e+4
362.32,2.190e+5,,2.190e+5
362.37,4.951e+5,,4.951e+5
362.42,1.083e+6,,1.083e+6
362.47,2.282e+6,,2.282e+6
362.52,4.633e+6,,4.633e+6
362.57,9.054e+6,,9.054e+6
362.62,1.704e+7,,1.704e+7
362.67,3.087e+7,,3.087e+7
362.72,5.385e+7,,5.385e+7
362.77,9.045e+7,,9.045e+7
362.82,1.463e+8,,1.463e+8
362.87,2.278e+8,,2.278e+8
362.92,3.416e+8,,3.416e+8
362.97,4.931e+8,,4.931e+8
363.02,6.855e+8,,6.855e+8
363.07,9.175e+8,,9.175e+8
363.12,1.182e+9,,1.182e+9
363.17,1.467e+9,,1.467e+9
363.22,1.753e+9,,1.753e+9
363.27,2.016e+9,,2.016e+9
363.32,2.233e+9,,2.233e+9
363.37,2.382e+9,,2.382e+9
363.42,2.446e+9,,2.446e+9
363.47,2.418e+9,,2.418e+9
363.52,2.302e+9,,2.302e+9
363.57,2.110e+9,,2.110e+9
363.62,1.862e+9,,1.862e+9
363.67,1.582e+9,,1.582e+9
363.72,1.295e+9,,1.295e+9
363.77,1.020e+9,,1.020e+9
363.82,7.738e+8,,7.738e+8
363.87,5.651e+8,,5.651e+8
363.92,3.974e+8,,3.974e+8
363.97,2.691e+8,,2.691e+8
364.02,1.754e+8,,1.754e+8
364.07,1.101e+8,,1.101e+8
364.12,6.657e+7,,6.657e+7
364.17,3.874e+7,,3.874e+7
364.22,2.171e+7,,2.171e+7
364.27,1.171e+7,,1.171e+7
364.32,6.084e+6,,6.084e+6
364.37,3.043e+6,,3.043e+6
364.42,1.466e+6,,1.466e+6
364.47,6.797e+5,,6.797e+5
364.52,3.035e+5,,3.035e+5
364.57,1.305e+5,,1.305e+5
364.62,5.400e+4,,5.400e+4
364.67,2.152e+4,,2.152e+4
364.72,8.260e+3,,8.260e+3
364.77,3.052e+3,,3.052e+3
364.82,1.086e+3,,1.086e+3
364.87,3.719e+2,,3.719e+2
364.92,1.227e+2,,1.227e+2
364.97,3.896e+1,,3.896e+1
365.02,1.191e+1,,1.191e+1
365.07,3.507e+0,,3.507e+0
365.12,9.943e-1,,9.943e-1
365.17,2.714e-1,,2.714e-1
365.22,7.132e-2,,7.132e-2
365.27,1.805e-2,,1.805e-2
365.32,4.397e-3,,4.397e-3
365.37,1.032e-3,,1.032e-3
365.42,2.330e-4,,2.330e-4
365.47,5.068e-5,,5.068e-5
365.52,1.061e-5,,1.061e-5
365.57,2.140e-6,,2.140e-6
365.62,4.155e-7,,4.155e-7
367.17,2.914e-8,,2.914e-8
367.22,1.466e-7,,1.466e-7
367.27,7.114e-7,,7.114e-7
367.32,3.327e-6,,3.327e-6
367.37,1.500e-5,,1.500e-5
367.42,6.520e-5,,6.520e-5
367.47,2.732e-4,,2.732e-4
367.52,1.103e-3,,1.103e-3
367.57,4.297e-3,,4.297e-3
367.62,1.613e-2,,1.613e-2
367.67,5.837e-2,,5.837e-2
367.72,2.036e-1,,2.036e-1
367.77,6.848e-1,,6.848e-1
367.82,2.220e+0,,2.220e+0
367.87,6.939e+0,,6.939e+0
367.92,2.091e+1,,2.091e+1
367.97,6.072e+1,,6.072e+1
368.02,1.700e+2,,1.700e+2
368.07,4.590e+2,,4.590e+2
368.12,1.194e+3,,1.194e+3
368.17,2.996e+3,,2.996e+3
368.22,7.245e+3,,7.245e+3
368.27,1.689e+4,,1.689e+4
368.32,3.796e+4,,3.796e+4
368.37,8.225e+4,,8.225e+4
368.42,1.718e+5,,1.718e+5
368.47,3.459e+5,,3.459e+5
368.52,6.714e+5,,6.714e+5
368.57,1.256e+6,,1.256e+6
368.62,2.266e+6,,2.266e+6
368.67,3.941e+6,,3.941e+6
368.72,6.606e+6,,6.606e+6
368.77,1.068e+7,,1.068e+7
368.82,1.663e+7,,1.663e+7
368.87,2.498e+7,,2.498e+7
368.92,3.617e+7,,3.617e+7
368.97,5.048e+7,,5.048e+7
369.02,6.793e+7,,6.793e+7
369.07,8.811e+7,,8.811e+7
369.12,1.102e+8,,1.102e+8
369.17,1.328e+8,,1.328e+8
369.22,1.543e+8,,1.543e+8
369.27,1.729e+8,,1.729e+8
369.32,1.867e+8,,1.867e+8
369.37,1.944e+8,,1.944e+8
369.42,1.951e+8,,1.951e+8
369.47,1.888e+8,,1.888e+8
369.52,1.761e+8,,1.761e+8
369.57,1.584e+8,,1.584e+8
369.62,1.373e+8,,1.373e+8
369.67,1.147e+8,,1.147e+8
369.72,9.241e+7,,9.241e+7
369.77,7.177e+7,,7.177e+7
369.82,5.373e+7,,5.373e+7
369.87,3.878e+7,,3.878e+7
369.92,2.698e+7,,2.698e+7
369.97,1.810e+7,,1.810e+7
370.02,1.170e+7,,1.170e+7
370.07,7.293e+6,,7.293e+6
370.12,4.383e+6,,4.383e+6
370.17,2.539e+6,,2.539e+6
370.22,1.418e+6,,1.418e+6
370.27,7.632e+5,,7.632e+5
370.32,3.961e+5,,3.961e+5
370.37,1.982e+5,,1.982e+5
370.42,9.558e+4,,9.558e+4
370.47,4.444e+4,,4.444e+4
370.52,1.992e+4,,1.992e+4
370.57,8.607e+3,,8.607e+3
370.62,3.585e+3,,3.585e+3
370.67,1.440e+3,,1.440e+3
370.72,5.573e+2,,5.573e+2
370.77,2.080e+2,,2.080e+2
370.82,7.483e+1,,7.483e+1
370.87,2.595e+1,,2.595e+1
370.92,8.677e+0,,8.677e+0
370.97,2.797e+0,,2.797e+0
371.02,8.690e-1,,8.690e-1
371.07,2.603e-1,,2.603e-1
371.12,7.516e-2,,7.516e-2
371.17,2.092e-2,,2.092e-2
371.22,5.615e-3,,5.615e-3
371.27,1.452e-3,,1.452e-3
371.32,3.622e-4,,3.622e-4
371.37,8.709e-5,,8.709e-5
371.42,2.018e-5,,2.018e-5
371.47,4.510e-6,,4.510e-6
371.52,9.714e-7,,9.714e-7
371.57,2.017e-7,,2.017e-7
371.62,4.037e-8,,4.037e-8
371.67,9.252e-8,,9.252e-8
371.72,4.511e-7,,4.511e-7
371.77,2.122e-6,,2.122e-6
371.82,9.634e-6,,9.634e-6
371.87,4.219e-5,,4.219e-5
371.92,1.783e-4,,1.783e-4
371.97,7.270e-4,,7.270e-4
372.02,2.860e-3,,2.860e-3
372.07,1.086e-2,,1.086e-2
372.12,3.977e-2,,3.977e-2
372.17,1.405e-1,,1.405e-1
372.22,4.792e-1,,4.792e-1
372.27,1.577e+0,4.173e-10,1.577e+0
372.32,5.005e+0,2.082e-9,5.005e+0
372.37,1.533e+1,1.003e-8,1.533e+1
372.42,4.531e+1,4.660e-8,4.531e+1
372.47,1.292e+2,2.089e-7,1.292e+2
372.52,3.554e+2,9.041e-7,3.554e+2
372.57,9.436e+2,3.775e-6,9.436e+2
372.62,2.417e+3,1.521e-5,2.417e+3
372.67,5.973e+3,5.914e-5,5.973e+3
372.72,1.424e+4,2.219e-4,1.424e+4
372.77,3.277e+4,8.034e-4,3.277e+4
372.82,7.276e+4,2.807e-3,7.276e+4
372.87,1.558e+5,9.465e-3,1.558e+5
372.92,3.221e+5,3.079e-2,3.221e+5
372.97,6.423e+5,9.668e-2,6.423e+5
373.02,1.236e+6,2.929e-1,1.236e+6
373.07,2.294e+6,8.564e-1,2.294e+6
373.12,4.110e+6,2.416e+0,4.110e+6
373.17,7.103e+6,6.577e+0,7.103e+6
373.22,1.185e+7,1.728e+1,1.185e+7
373.27,1.906e+7,4.381e+1,1.906e+7
373.32,2.959e+7,1.072e+2,2.959e+7
373.37,4.433e+7,2.530e+2,4.433e+7
373.42,6.408e+7,5.763e+2,6.408e+7
373.47,8.937e+7,1.267e+3,8.937e+7
373.52,1.203e+8,2.688e+3,1.203e+8
373.57,1.562e+8,5.502e+3,1.562e+8
373.62,1.957e+8,1.087e+4,1.957e+8
373.67,2.366e+8,2.072e+4,2.366e+8
373.72,2.762e+8,3.811e+4,2.761e+8
373.77,3.111e+8,6.764e+4,3.110e+8
373.82,3.383e+8,1.159e+5,3.382e+8
373.87,3.554e+8,1.915e+5,3.552e+8
373.92,3.608e+8,3.055e+5,3.605e+8
373.97,3.543e+8,4.702e+5,3.538e+8
374.02,3.370e+8,6.984e+5,3.363e+8
374.07,3.112e+8,1.001e+6,3.102e+8
374.12,2.799e+8,1.385e+6,2.785e+8
374.17,2.463e+8,1.848e+6,2.445e+8
374.22,2.136e+8,2.380e+6,2.112e+8
374.27,1.839e+8,2.958e+6,1.809e+8
374.32,1.587e+8,3.548e+6,1.552e+8
374.37,1.386e+8,4.106e+6,1.345e+8
374.42,1.230e+8,4.586e+6,1.184e+8
374.47,1.111e+8,4.942e+6,1.061e+8
374.52,1.015e+8,5.140e+6,9.640e+7
374.57,9.323e+7,5.158e+6,8.807e+7
374.62,8.516e+7,4.995e+6,8.016e+7
374.67,7.672e+7,4.668e+6,7.206e+7
374.72,6.772e+7,4.210e+6,6.351e+7
374.77,5.826e+7,3.663e+6,5.460e+7
374.82,4.869e+7,3.076e+6,4.561e+7
374.87,3.943e+7,2.493e+6,3.694e+7
374.92,3.090e+7,1.949e+6,2.895e+7
374.97,2.340e+7,1.471e+6,2.193e+7
375.02,1.712e+7,1.071e+6,1.605e+7
375.07,1.210e+7,7.527e+5,1.135e+7
375.12,8.254e+6,5.104e+5,7.743e+6
375.17,5.435e+6,3.340e+5,5.101e+6
375.22,3.454e+6,2.109e+5,3.243e+6
375.27,2.118e+6,1.285e+5,1.990e+6
375.32,1.254e+6,7.555e+4,1.178e+6
375.37,7.161e+5,4.286e+4,6.733e+5
375.42,3.947e+5,2.347e+4,3.713e+5
375.47,2.100e+5,1.240e+4,1.976e+5
375.52,1.078e+5,6.322e+3,1.015e+5
375.57,5.339e+4,3.111e+3,5.028e+4
375.62,2.552e+4,1.477e+3,2.404e+4
375.67,1.177e+4,6.766e+2,1.109e+4
375.72,5.239e+3,2.991e+2,4.940e+3
375.77,2.251e+3,1.276e+2,2.123e+3
375.82,9.328e+2,5.254e+1,8.803e+2
375.87,3.731e+2,2.087e+1,3.523e+2
375.92,1.440e+2,8.002e+0,1.360e+2
375.97,5.364e+1,2.960e+0,5.068e+1
376.02,1.928e+1,1.057e+0,1.822e+1
376.07,6.688e+0,3.641e-1,6.324e+0
376.12,2.238e+0,1.210e-1,2.117e+0
376.17,7.230e-1,3.882e-2,6.841e-1
376.22,2.253e-1,1.202e-2,2.133e-1
376.27,6.777e-2,3.590e-3,6.418e-2
376.32,1.967e-2,1.035e-3,1.864e-2
376.37,5.509e-3,2.878e-4,5.221e-3
376.42,1.489e-3,7.727e-5,1.412e-3
376.47,3.884e-4,2.001e-5,3.683e-4
376.52,9.774e-5,5.003e-6,9.274e-5
376.57,2.374e-5,1.207e-6,2.253e-5
376.62,5.563e-6,2.809e-7,5.283e-6
376.67,1.258e-6,6.308e-8,1.195e-6
376.72,2.746e-7,1.367e-8,2.609e-7
376.77,5.783e-8,2.860e-9,5.497e-8
376.82,1.175e-8,5.772e-10,1.118e-8
396.58,7.673e-10,7.673e-10,
396.63,3.454e-9,3.454e-9,
396.68,1.507e-8,1.507e-8,
396.73,6.369e-8,6.369e-8,
396.78,2.609e-7,2.609e-7,
396.83,1.036e-6,1.036e-6,
396.88,3.985e-6,3.985e-6,
396.93,1.486e-5,1.486e-5,
396.98,5.368e-5,5.368e-5,
397.03,1.879e-4,1.879e-4,
397.08,6.377e-4,6.377e-4,
397.13,2.097e-3,2.097e-3,
397.18,6.681e-3,6.681e-3,
397.23,2.063e-2,2.063e-2,
397.28,6.173e-2,6.173e-2,
397.33,1.790e-1,1.790e-1,
397.38,5.031e-1,5.031e-1,
397.43,1.370e+0,1.370e+0,
397.48,3.616e+0,3.616e+0,
397.53,9.248e+0,9.248e+0,
397.58,2.292e+1,2.292e+1,
397.63,5.506e+1,5.506e+1,
397.68,1.281e+2,1.281e+2,
397.73,2.891e+2,2.891e+2,
397.78,6.318e+2,6.318e+2,
397.83,1.338e+3,1.338e+3,
397.88,2.748e+3,2.748e+3,
397.93,5.466e+3,5.466e+3,
397.98,1.054e+4,1.054e+4,
398.03,1.969e+4,1.969e+4,
398.08,3.564e+4,3.564e+4,
398.13,6.253e+4,6.253e+4,
398.18,1.063e+5,1.063e+5,
398.23,1.752e+5,1.752e+5,
398.28,2.797e+5,2.797e+5,
398.33,4.328e+5,4.328e+5,
398.38,6.490e+5,6.490e+5,
398.43,9.431e+5,9.431e+5,
398.48,1.328e+6,1.328e+6,
398.53,1.813e+6,1.813e+6,
398.58,2.397e+6,2.397e+6,
398.63,3.072e+6,3.072e+6,
398.68,3.815e+6,3.815e+6,
398.73,4.592e+6,4.592e+6,
398.78,5.356e+6,5.356e+6,
398.83,6.054e+6,6.054e+6,
398.88,6.631e+6,6.631e+6,
398.93,7.039e+6,7.039e+6,
398.98,7.241e+6,7.241e+6,
399.03,7.218e+6,7.218e+6,
399.08,6.973e+6,6.973e+6,
399.13,6.528e+6,6.528e+6,
399.18,5.922e+6,5.922e+6,
399.23,5.207e+6,5.207e+6,
399.28,4.436e+6,4.436e+6,
399.33,3.663e+6,3.663e+6,
399.38,2.931e+6,2.931e+6,
399.43,2.272e+6,2.272e+6,
399.48,1.708e+6,1.708e+6,
399.53,1.243e+6,1.243e+6,
399.58,8.774e+5,8.774e+5,
399.63,6.000e+5,6.000e+5,
399.68,3.976e+5,3.976e+5,
399.73,2.554e+5,2.554e+5,
399.78,1.589e+5,1.589e+5,
399.83,9.585e+4,9.585e+4,
399.88,5.602e+4,5.602e+4,
399.93,3.173e+4,3.173e+4,
399.98,1.742e+4,1.742e+4,
400.03,9.264e+3,9.264e+3,
400.08,4.775e+3,4.775e+3,
400.13,2.385e+3,2.385e+3,
400.18,1.155e+3,1.155e+3,
400.23,5.417e+2,5.417e+2,
400.28,2.463e+2,2.463e+2,
400.33,1.085e+2,1.085e+2,
400.38,4.632e+1,4.632e+1,
400.43,1.916e+1,1.916e+1,
400.48,7.684e+0,7.684e+0,
400.53,2.986e+0,2.986e+0,
400.58,1.124e+0,1.124e+0,
400.63,4.102e-1,4.102e-1,
400.68,1.451e-1,1.451e-1,
400.73,4.971e-2,4.971e-2,
400.78,1.651e-2,1.651e-2,
400.83,5.312e-3,5.312e-3,
400.88,1.657e-3,1.657e-3,
400.93,5.007e-4,5.007e-4,
400.98,1.466e-4,1.466e-4,
401.03,4.162e-5,4.162e-5,
401.08,1.145e-5,1.145e-5,
401.13,3.051e-6,3.051e-6,
401.18,7.881e-7,7.881e-7,
401.23,1.973e-7,1.973e-7,
401.28,4.786e-8,4.786e-8,
401.33,1.125e-8,1.125e-8,
401.38,2.563e-9,2.563e-9,
427.09,5.953e-9,5.953e-9,
427.14,2.375e-8,2.375e-8,
427.19,9.226e-8,9.226e-8,
427.24,3.487e-7,3.487e-7,
427.29,1.283e-6,1.283e-6,
427.34,4.595e-6,4.595e-6,
427.39,1.601e-5,1.601e-5,
427.44,5.432e-5,5.432e-5,
427.49,1.793e-4,1.793e-4,
427.54,5.762e-4,5.762e-4,
427.59,1.802e-3,1.802e-3,
427.64,5.485e-3,5.485e-3,
427.69,1.625e-2,1.625e-2,
427.74,4.685e-2,4.685e-2,
427.79,1.315e-1,1.315e-1,
427.84,3.591e-1,3.591e-1,
427.89,9.545e-1,9.545e-1,
427.94,2.470e+0,2.470e+0,
427.99,6.219e+0,6.219e+0,
428.04,1.524e+1,1.524e+1,
428.09,3.636e+1,3.636e+1,
428.14,8.441e+1,8.441e+1,
428.19,1.907e+2,1.907e+2,
428.24,4.194e+2,4.194e+2,
428.29,8.978e+2,8.978e+2,
428.34,1.870e+3,1.870e+3,
428.39,3.792e+3,3.792e+3,
428.44,7.484e+3,7.484e+3,
428.49,1.437e+4,1.437e+4,
428.54,2.687e+4,2.687e+4,
428.59,4.889e+4,4.889e+4,
428.64,8.658e+4,8.658e+4,
428.69,1.492e+5,1.492e+5,
428.74,2.503e+5,2.503e+5,
428.79,4.087e+5,4.087e+5,
428.84,6.494e+5,6.494e+5,
428.89,1.004e+6,1.004e+6,
428.94,1.512e+6,1.512e+6,
428.99,2.215e+6,2.215e+6,
429.04,3.158e+6,3.158e+6,
429.09,4.382e+6,4.382e+6,
429.14,5.919e+6,5.919e+6,
429.19,7.781e+6,7.781e+6,
429.24,9.956e+6,9.956e+6,
429.29,1.240e+7,1.240e+7,
429.34,1.503e+7,1.503e+7,
429.39,1.773e+7,1.773e+7,
429.44,2.035e+7,2.035e+7,
429.49,2.274e+7,2.274e+7,
429.54,2.473e+7,2.473e+7,
429.59,2.618e+7,2.618e+7,
429.64,2.697e+7,2.697e+7,
429.69,2.705e+7,2.705e+7,
429.74,2.639e+7,2.639e+7,
429.79,2.507e+7,2.507e+7,
429.84,2.318e+7,2.318e+7,
429.89,2.085e+7,2.085e+7,
429.94,1.826e+7,1.826e+7,
429.99,1.557e+7,1.557e+7,
430.04,1.291e+7,1.291e+7,
430.09,1.043e+7,1.043e+7,
430.14,8.192e+6,8.192e+6,
430.19,6.266e+6,6.266e+6,
430.24,4.664e+6,4.664e+6,
430.29,3.379e+6,3.379e+6,
430.34,2.383e+6,2.383e+6,
430.39,1.635e+6,1.635e+6,
430.44,1.092e+6,1.092e+6,
430.49,7.101e+5,7.101e+5,
430.54,4.493e+5,4.493e+5,
430.59,2.767e+5,2.767e+5,
430.64,1.658e+5,1.658e+5,
430.69,9.675e+4,9.675e+4,
430.74,5.493e+4,5.493e+4,
430.79,3.035e+4,3.035e+4,
430.84,1.633e+4,1.633e+4,
430.89,8.546e+3,8.546e+3,
430.94,4.354e+3,4.354e+3,
430.99,2.159e+3,2.159e+3,
431.04,1.042e+3,1.042e+3,
431.09,4.895e+2,4.895e+2,
431.14,2.238e+2,2.238e+2,
431.19,9.957e+1,9.957e+1,
431.24,4.312e+1,4.312e+1,
431.29,1.817e+1,1.817e+1,
431.34,7.456e+0,7.456e+0,
431.39,2.977e+0,2.977e+0,
431.44,1.157e+0,1.157e+0,
431.49,4.376e-1,4.376e-1,
431.54,1.611e-1,1.611e-1,
431.59,5.771e-2,5.771e-2,
431.64,2.012e-2,2.012e-2,
431.69,6.830e-3,6.830e-3,
431.74,2.256e-3,2.256e-3,
431.79,7.253e-4,7.253e-4,
431.84,2.270e-4,2.270e-4,
431.89,6.912e-5,6.912e-5,
431.94,2.049e-5,2.049e-5,
431.99,5.911e-6,5.911e-6,
432.04,1.660e-6,1.660e-6,
432.09,4.535e-7,4.535e-7,
432.14,1.206e-7,1.206e-7,
432.19,3.123e-8,3.123e-8,
432.24,7.868e-9,7.868e-9,
433.69,1.672e-9,1.672e-9,
433.74,6.466e-9,6.466e-9,
433.79,2.436e-8,2.436e-8,
433.84,8.941e-8,8.941e-8,
433.89,3.196e-7,3.196e-7,
433.94,1.113e-6,1.113e-6,
433.99,3.776e-6,3.776e-6,
434.04,1.248e-5,1.248e-5,
434.09,4.015e-5,4.015e-5,
434.14,1.259e-4,1.259e-4,
434.19,3.844e-4,3.844e-4,
434.24,1.143e-3,1.143e-3,
434.29,3.313e-3,3.313e-3,
434.34,9.351e-3,9.351e-3,
434.39,2.571e-2,2.571e-2,
434.44,6.884e-2,6.884e-2,
434.49,1.796e-1,1.796e-1,
434.54,4.562e-1,4.562e-1,
434.59,1.129e+0,1.129e+0,
434.64,2.722e+0,2.722e+0,
434.69,6.393e+0,6.393e+0,
434.74,1.462e+1,1.462e+1,
434.79,3.258e+1,3.258e+1,
434.84,7.071e+1,7.071e+1,
434.89,1.495e+2,1.495e+2,
434.94,3.078e+2,3.078e+2,
434.99,6.175e+2,6.175e+2,
435.04,1.207e+3,1.207e+3,
435.09,2.296e+3,2.296e+3,
435.14,4.257e+3,4.257e+3,
435.19,7.688e+3,7.688e+3,
435.24,1.352e+4,1.352e+4,
435.29,2.317e+4,2.317e+4,
435.34,3.867e+4,3.867e+4,
435.39,6.287e+4,6.287e+4,
435.44,9.955e+4,9.955e+4,
435.49,1.536e+5,1.536e+5,
435.54,2.307e+5,2.307e+5,
435.59,3.377e+5,3.377e+5,
435.64,4.814e+5,4.814e+5,
435.69,6.685e+5,6.685e+5,
435.74,9.043e+5,9.043e+5,
435.79,1.192e+6,1.192e+6,
435.84,1.529e+6,1.529e+6,
435.89,1.912e+6,1.912e+6,
435.94,2.328e+6,2.328e+6,
435.99,2.761e+6,2.761e+6,
436.04,3.191e+6,3.191e+6,
436.09,3.591e+6,3.591e+6,
436.14,3.937e+6,3.937e+6,
436.19,4.204e+6,4.204e+6,
436.24,4.373e+6,4.373e+6,
436.29,4.431e+6,4.431e+6,
436.34,4.373e+6,4.373e+6,
436.39,4.204e+6,4.204e+6,
436.44,3.937e+6,3.937e+6,
436.49,3.591e+6,3.591e+6,
436.54,3.191e+6,3.191e+6,
436.59,2.761e+6,2.761e+6,
436.64,2.328e+6,2.328e+6,
436.69,1.912e+6,1.912e+6,
436.74,1.529e+6,1.529e+6,
436.79,1.192e+6,1.192e+6,
436.84,9.043e+5,9.043e+5,
436.89,6.685e+5,6.685e+5,
436.94,4.814e+5,4.814e+5,
436.99,3.377e+5,3.377e+5,
437.04,2.307e+5,2.307e+5,
437.09,1.536e+5,1.536e+5,
437.14,9.955e+4,9.955e+4,
437.19,6.287e+4,6.287e+4,
437.24,3.867e+4,3.867e+4,
437.29,2.317e+4,2.317e+4,
437.34,1.352e+4,1.352e+4,
437.39,7.688e+3,7.688e+3,
437.44,4.257e+3,4.257e+3,
437.49,2.296e+3,2.296e+3,
437.54,1.207e+3,1.207e+3,
437.59,6.175e+2,6.175e+2,
437.64,3.078e+2,3.078e+2,
437.69,1.495e+2,1.495e+2,
437.74,7.071e+1,7.071e+1,
437.79,3.258e+1,3.258e+1,
437.84,1.462e+1,1.462e+1,
437.89,6.393e+0,6.393e+0,
437.94,2.722e+0,2.722e+0,
437.99,1.129e+0,1.129e+0,
438.04,4.562e-1,4.562e-1,
438.09,1.796e-1,1.796e-1,
438.14,6.884e-2,6.884e-2,
438.19,2.571e-2,2.571e-2,
438.24,9.351e-3,9.351e-3,
438.29,3.313e-3,3.313e-3,
438.34,1.143e-3,1.143e-3,
438.39,3.844e-4,3.844e-4,
438.44,1.259e-4,1.259e-4,
438.49,4.015e-5,4.015e-5,
438.54,1.248e-5,1.248e-5,
438.59,3.776e-6,3.776e-6,
438.64,1.113e-6,1.113e-6,
438.69,3.196e-7,3.196e-7,
438.74,8.941e-8,8.941e-8,
438.79,2.436e-8,2.436e-8,
438.84,6.466e-9,6.466e-9,
438.89,1.672e-9,1.672e-9,
470,1.962e-9,1.962e-9,
470.05,6.910e-9,6.910e-9,
470.1,2.380e-8,2.380e-8,
470.15,8.016e-8,8.016e-8,
470.2,2.640e-7,2.640e-7,
470.25,8.503e-7,8.503e-7,
470.3,2.678e-6,2.678e-6,
470.35,8.248e-6,8.248e-6,
470.4,2.484e-5,2.484e-5,
470.45,7.316e-5,7.316e-5,
470.5,2.107e-4,2.107e-4,
470.55,5.934e-4,5.934e-4,
470.6,1.634e-3,1.634e-3,
470.65,4.401e-3,4.401e-3,
470.7,1.159e-2,1.159e-2,
470.75,2.985e-2,2.985e-2,
470.8,7.517e-2,7.517e-2,
470.85,1.851e-1,1.851e-1,
470.9,4.458e-1,4.458e-1,
470.95,1.050e+0,1.050e+0,
471,2.418e+0,2.418e+0,
471.05,5.444e+0,5.444e+0,
471.1,1.199e+1,1.199e+1,
471.15,2.582e+1,2.582e+1,
471.2,5.437e+1,5.437e+1,
471.25,1.120e+2,1.120e+2,
471.3,2.254e+2,2.254e+2,
471.35,4.439e+2,4.439e+2,
471.4,8.548e+2,8.548e+2,
471.45,1.610e+3,1.610e+3,
471.5,2.964e+3,2.964e+3,
471.55,5.337e+3,5.337e+3,
471.6,9.398e+3,9.398e+3,
471.65,1.618e+4,1.618e+4,
471.7,2.725e+4,2.725e+4,
471.75,4.487e+4,4.487e+4,
471.8,7.224e+4,7.224e+4,
471.85,1.138e+5,1.138e+5,
471.9,1.751e+5,1.751e+5,
471.95,2.637e+5,2.637e+5,
472,3.883e+5,3.883e+5,
472.05,5.591e+5,5.591e+5,
472.1,7.872e+5,7.872e+5,
472.15,1.084e+6,1.084e+6,
472.2,1.459e+6,1.459e+6,
472.25,1.921e+6,1.921e+6,
472.3,2.474e+6,2.474e+6,
472.35,3.114e+6,3.114e+6,
472.4,3.834e+6,3.834e+6,
472.45,4.616e+6,4.616e+6,
472.5,5.435e+6,5.435e+6,
472.55,6.257e+6,6.257e+6,
472.6,7.045e+6,7.045e+6,
472.65,7.756e+6,7.756e+6,
472.7,8.350e+6,8.350e+6,
472.75,8.791e+6,8.791e+6,
472.8,9.050e+6,9.050e+6,
472.85,9.111e+6,9.111e+6,
472.9,8.969e+6,8.969e+6,
472.95,8.635e+6,8.635e+6,
473,8.129e+6,8.129e+6,
473.05,7.483e+6,7.483e+6,
473.1,6.737e+6,6.737e+6,
473.15,5.930e+6,5.930e+6,
473.2,5.105e+6,5.105e+6,
473.25,4.298e+6,4.298e+6,
473.3,3.538e+6,3.538e+6,
473.35,2.848e+6,2.848e+6,
473.4,2.242e+6,2.242e+6,
473.45,1.726e+6,1.726e+6,
473.5,1.299e+6,1.299e+6,
473.55,9.562e+5,9.562e+5,
473.6,6.883e+5,6.883e+5,
473.65,4.845e+5,4.845e+5,
473.7,3.335e+5,3.335e+5,
473.75,2.245e+5,2.245e+5,
473.8,1.478e+5,1.478e+5,
473.85,9.512e+4,9.512e+4,
473.9,5.987e+4,5.987e+4,
473.95,3.685e+4,3.685e+4,
474,2.218e+4,2.218e+4,
474.05,1.306e+4,1.306e+4,
474.1,7.515e+3,7.515e+3,
474.15,4.230e+3,4.230e+3,
474.2,2.329e+3,2.329e+3,
474.25,1.255e+3,1.255e+3,
474.3,6.630e+2,6.630e+2,
474.35,3.468e+2,3.468e+2,
474.4,1.861e+2,1.861e+2,
474.45,1.151e+2,1.151e+2,
474.5,1.020e+2,1.020e+2,
474.55,1.386e+2,1.386e+2,
474.6,2.360e+2,2.360e+2,
474.65,4.264e+2,4.264e+2,
474.7,7.699e+2,7.699e+2,
474.75,1.367e+3,1.367e+3,
474.8,2.378e+3,2.378e+3,
474.85,4.046e+3,4.046e+3,
474.9,6.736e+3,6.736e+3,
474.95,1.097e+4,1.097e+4,
475,1.747e+4,1.747e+4,
475.05,2.723e+4,2.723e+4,
475.1,4.150e+4,4.150e+4,
475.15,6.187e+4,6.187e+4,
475.2,9.023e+4,9.023e+4,
475.25,1.287e+5,1.287e+5,
475.3,1.796e+5,1.796e+5,
475.35,2.452e+5,2.452e+5,
475.4,3.273e+5,3.273e+5,
475.45,4.275e+5,4.275e+5,
475.5,5.461e+5,5.461e+5,
475.55,6.825e+5,6.825e+5,
475.6,8.342e+5,8.342e+5,
475.65,9.975e+5,9.975e+5,
475.7,1.167e+6,1.167e+6,
475.75,1.335e+6,1.335e+6,
475.8,1.494e+6,1.494e+6,
475.85,1.635e+6,1.635e+6,
475.9,1.751e+6,1.751e+6,
475.95,1.834e+6,1.834e+6,
476,1.879e+6,1.879e+6,
476.05,1.883e+6,1.883e+6,
476.1,1.846e+6,1.846e+6,
476.15,1.770e+6,1.770e+6,
476.2,1.661e+6,1.661e+6,
476.25,1.524e+6,1.524e+6,
476.3,1.368e+6,1.368e+6,
476.35,1.201e+6,1.201e+6,
476.4,1.031e+6,1.031e+6,
476.45,8.661e+5,8.661e+5,
476.5,7.117e+5,7.117e+5,
476.55,5.720e+5,5.720e+5,
476.6,4.497e+5,4.497e+5,
476.65,3.459e+5,3.459e+5,
476.7,2.602e+5,2.602e+5,
476.75,1.915e+5,1.915e+5,
476.8,1.378e+5,1.378e+5,
476.85,9.704e+4,9.704e+4,
476.9,6.684e+4,6.684e+4,
476.95,4.503e+4,4.503e+4,
477,2.967e+4,2.967e+4,
477.05,1.913e+4,1.913e+4,
477.1,1.206e+4,1.206e+4,
477.15,7.439e+3,7.439e+3,
477.2,4.488e+3,4.488e+3,
477.25,2.649e+3,2.649e+3,
477.3,1.529e+3,1.529e+3,
477.35,8.635e+2,8.635e+2,
477.4,4.770e+2,4.770e+2,
477.45,2.577e+2,2.577e+2,
477.5,1.362e+2,1.362e+2,
477.55,7.041e+1,7.041e+1,
477.6,3.561e+1,3.561e+1,
477.65,1.761e+1,1.761e+1,
477.7,8.523e+0,8.523e+0,
477.75,4.034e+0,4.034e+0,
477.8,1.868e+0,1.868e+0,
477.85,8.458e-1,8.458e-1,
477.9,3.747e-1,3.747e-1,
477.95,1.624e-1,1.624e-1,
478,6.882e-2,6.882e-2,
478.05,2.853e-2,2.853e-2,
478.1,1.157e-2,1.157e-2,
478.15,4.591e-3,4.591e-3,
478.2,1.782e-3,1.782e-3,
478.25,6.763e-4,6.763e-4,
478.3,2.511e-4,2.511e-4,
478.35,9.121e-5,9.121e-5,
478.4,3.240e-5,3.240e-5,
478.45,1.126e-5,1.126e-5,
478.5,3.828e-6,3.828e-6,
478.56,1.019e-6,1.019e-6,
478.61,3.299e-7,3.299e-7,
478.66,1.045e-7,1.045e-7,
478.71,3.238e-8,3.238e-8,
478.76,9.813e-9,9.813e-9,
478.81,2.909e-9,2.909e-9,
478.86,8.438e-10,8.438e-10,
478.91,2.394e-10,2.394e-10,
481.26,3.863e-9,3.863e-9,
481.31,1.322e-8,1.322e-8,
481.36,4.432e-8,4.432e-8,
481.41,1.454e-7,1.454e-7,
481.46,4.669e-7,4.669e-7,
481.51,1.468e-6,1.468e-6,
481.56,4.517e-6,4.517e-6,
481.61,1.361e-5,1.361e-5,
481.66,4.012e-5,4.012e-5,
481.71,1.158e-4,1.158e-4,
481.76,3.273e-4,3.273e-4,
481.81,9.052e-4,9.052e-4,
481.86,2.451e-3,2.451e-3,
481.91,6.496e-3,6.496e-3,
481.96,1.685e-2,1.685e-2,
482.01,4.281e-2,4.281e-2,
482.06,1.064e-1,1.064e-1,
482.11,2.590e-1,2.590e-1,
482.16,6.171e-1,6.171e-1,
482.21,1.439e+0,1.439e+0,
482.26,3.285e+0,3.285e+0,
482.31,7.342e+0,7.342e+0,
482.36,1.606e+1,1.606e+1,
482.41,3.439e+1,3.439e+1,
482.46,7.209e+1,7.209e+1,
482.51,1.479e+2,1.479e+2,
482.56,2.971e+2,2.971e+2,
482.61,5.842e+2,5.842e+2,
482.66,1.125e+3,1.125e+3,
482.71,2.119e+3,2.119e+3,
482.76,3.908e+3,3.908e+3,
482.81,7.056e+3,7.056e+3,
482.86,1.247e+4,1.247e+4,
482.91,2.157e+4,2.157e+4,
482.96,3.654e+4,3.654e+4,
483.01,6.057e+4,6.057e+4,
483.06,9.829e+4,9.829e+4,
483.11,1.561e+5,1.561e+5,
483.16,2.428e+5,2.428e+5,
483.21,3.696e+5,3.696e+5,
483.26,5.508e+5,5.508e+5,
483.31,8.034e+5,8.034e+5,
483.36,1.147e+6,1.147e+6,
483.41,1.604e+6,1.604e+6,
483.46,2.194e+6,2.194e+6,
483.51,2.939e+6,2.939e+6,
483.56,3.853e+6,3.853e+6,
483.61,4.945e+6,4.945e+6,
483.66,6.213e+6,6.213e+6,
483.71,7.641e+6,7.641e+6,
483.76,9.199e+6,9.199e+6,
483.81,1.084e+7,1.084e+7,
483.86,1.251e+7,1.251e+7,
483.91,1.412e+7,1.412e+7,
483.96,1.561e+7,1.561e+7,
484.01,1.689e+7,1.689e+7,
484.06,1.790e+7,1.790e+7,
484.11,1.856e+7,1.856e+7,
484.16,1.884e+7,1.884e+7,
484.21,1.871e+7,1.871e+7,
484.26,1.820e+7,1.820e+7,
484.31,1.733e+7,1.733e+7,
484.36,1.615e+7,1.615e+7,
484.41,1.474e+7,1.474e+7,
484.46,1.316e+7,1.316e+7,
484.51,1.151e+7,1.151e+7,
484.56,9.848e+6,9.848e+6,
484.61,8.251e+6,8.251e+6,
484.66,6.766e+6,6.766e+6,
484.71,5.432e+6,5.432e+6,
484.76,4.268e+6,4.268e+6,
484.81,3.283e+6,3.283e+6,
484.86,2.472e+6,2.472e+6,
484.91,1.822e+6,1.822e+6,
484.96,1.315e+6,1.315e+6,
485.01,9.288e+5,9.288e+5,
485.06,6.422e+5,6.422e+5,
485.11,4.347e+5,4.347e+5,
485.16,2.880e+5,2.880e+5,
485.21,1.868e+5,1.868e+5,
485.26,1.186e+5,1.186e+5,
485.31,7.370e+4,7.370e+4,
485.36,4.484e+4,4.484e+4,
485.41,2.670e+4,2.670e+4,
485.46,1.557e+4,1.557e+4,
485.51,8.883e+3,8.883e+3,
485.56,4.962e+3,4.962e+3,
485.61,2.714e+3,2.714e+3,
485.66,1.453e+3,1.453e+3,
485.71,7.611e+2,7.611e+2,
485.76,3.904e+2,3.904e+2,
485.81,1.960e+2,1.960e+2,
485.86,9.635e+1,9.635e+1,
485.91,4.636e+1,4.636e+1,
485.96,2.183e+1,2.183e+1,
486.01,1.007e+1,1.007e+1,
486.06,4.543e+0,4.543e+0,
486.11,2.007e+0,2.007e+0,
486.16,8.681e-1,8.681e-1,
486.21,3.675e-1,3.675e-1,
486.26,1.523e-1,1.523e-1,
486.31,6.178e-2,6.178e-2,
486.36,2.453e-2,2.453e-2,
486.41,9.537e-3,9.537e-3,
486.46,3.629e-3,3.629e-3,
486.51,1.352e-3,1.352e-3,
486.56,4.929e-4,4.929e-4,
486.61,1.759e-4,1.759e-4,
486.66,6.147e-5,6.147e-5,
486.71,2.102e-5,2.102e-5,
486.76,7.039e-6,7.039e-6,
486.81,2.307e-6,2.307e-6,
486.86,7.402e-7,7.402e-7,
486.91,2.325e-7,2.325e-7,
486.96,7.147e-8,7.147e-8,
487.01,2.151e-8,2.151e-8,
487.06,6.336e-9,6.336e-9,