Wavelength (nm),Sum,Sr I (1.1e-02),Sr II (7.9e-01)
200.66,1.886e-8,,1.886e-8
200.72,6.092e-7,,6.092e-7
200.77,9.632e-6,,9.632e-6
200.82,1.347e-4,,1.347e-4
200.87,1.667e-3,,1.667e-3
200.92,1.824e-2,,1.824e-2
200.97,1.765e-1,,1.765e-1
201.02,1.511e+0,,1.511e+0
201.07,1.144e+1,,1.144e+1
201.12,7.665e+1,,7.665e+1
201.17,4.542e+2,,4.542e+2
201.22,2.380e+3,,2.380e+3
201.27,1.103e+4,,1.103e+4
201.32,4.524e+4,,4.524e+4
201.37,1.641e+5,,1.641e+5
201.42,5.263e+5,,5.263e+5
201.47,1.494e+6,,1.494e+6
201.52,3.749e+6,,3.749e+6
201.57,8.322e+6,,8.322e+6
201.62,1.634e+7,,1.634e+7
201.67,2.839e+7,,2.839e+7
201.72,4.361e+7,,4.361e+7
201.77,5.927e+7,,5.927e+7
201.82,7.125e+7,,7.125e+7
201.87,7.576e+7,,7.576e+7
201.92,7.125e+7,,7.125e+7
201.97,5.927e+7,,5.927e+7
202.02,4.361e+7,,4.361e+7
202.07,2.839e+7,,2.839e+7
202.12,1.634e+7,,1.634e+7
202.17,8.322e+6,,8.322e+6
202.22,3.749e+6,,3.749e+6
202.27,1.494e+6,,1.494e+6
202.32,5.263e+5,,5.263e+5
202.37,1.641e+5,,1.641e+5
202.42,4.524e+4,,4.524e+4
202.47,1.103e+4,,1.103e+4
202.52,2.380e+3,,2.380e+3
202.57,4.542e+2,,4.542e+2
202.62,7.665e+1,,7.665e+1
202.67,1.144e+1,,1.144e+1
202.72,1.511e+0,,1.511e+0
202.77,1.765e-1,,1.765e-1
202.82,1.824e-2,,1.824e-2
202.87,1.667e-3,,1.667e-3
202.92,1.347e-4,,1.347e-4
202.97,9.632e-6,,9.632e-6
203.02,6.092e-7,,6.092e-7
203.07,3.408e-8,,3.408e-8
203.97,6.499e-8,,6.499e-8
204.02,1.111e-6,,1.111e-6
204.07,1.685e-5,,1.685e-5
204.12,2.271e-4,,2.271e-4
204.17,2.717e-3,,2.717e-3
204.22,2.888e-2,,2.888e-2
204.27,2.725e-1,,2.725e-1
204.32,2.283e+0,,2.283e+0
204.37,1.699e+1,,1.699e+1
204.42,1.123e+2,,1.123e+2
204.47,6.589e+2,,6.589e+2
204.52,3.433e+3,,3.433e+3
204.57,1.589e+4,,1.589e+4
204.62,6.529e+4,,6.529e+4
204.67,2.382e+5,,2.382e+5
204.72,7.720e+5,,7.720e+5
204.77,2.222e+6,,2.222e+6
204.82,5.677e+6,,5.677e+6
204.87,1.288e+7,,1.288e+7
204.92,2.596e+7,,2.596e+7
204.97,4.645e+7,,4.645e+7
205.02,7.382e+7,,7.382e+7
205.07,1.042e+8,,1.042e+8
205.12,1.305e+8,,1.305e+8
205.17,1.453e+8,,1.453e+8
205.22,1.435e+8,,1.435e+8
205.27,1.260e+8,,1.260e+8
205.32,9.816e+7,,9.816e+7
205.37,6.793e+7,,6.793e+7
205.42,4.174e+7,,4.174e+7
205.47,2.278e+7,,2.278e+7
205.52,1.104e+7,,1.104e+7
205.57,4.751e+6,,4.751e+6
205.62,1.815e+6,,1.815e+6
205.67,6.161e+5,,6.161e+5
205.72,1.857e+5,,1.857e+5
205.77,4.968e+4,,4.968e+4
205.82,1.181e+4,,1.181e+4
205.87,2.491e+3,,2.491e+3
205.92,4.669e+2,,4.669e+2
205.97,7.770e+1,,7.770e+1
206.02,1.148e+1,,1.148e+1
206.07,1.507e+0,,1.507e+0
206.12,1.756e-1,,1.756e-1
206.17,1.817e-2,,1.817e-2
206.22,1.670e-3,,1.670e-3
206.27,1.363e-4,,1.363e-4
206.32,9.876e-6,,9.876e-6
206.37,6.356e-7,,6.356e-7
206.42,3.632e-8,,3.632e-8
213.97,1.490e-6,,1.490e-6
214.02,2.384e-5,,2.384e-5
214.07,3.425e-4,,3.425e-4
214.12,4.416e-3,,4.416e-3
214.17,5.111e-2,,5.111e-2
214.22,5.311e-1,,5.311e-1
214.27,4.955e+0,,4.955e+0
214.32,4.150e+1,,4.150e+1
214.37,3.120e+2,,3.120e+2
214.42,2.106e+3,,2.106e+3
214.47,1.276e+4,,1.276e+4
214.52,6.941e+4,,6.941e+4
214.57,3.390e+5,,3.390e+5
214.62,1.486e+6,,1.486e+6
214.67,5.849e+6,,5.849e+6
214.72,2.066e+7,,2.066e+7
214.77,6.554e+7,,6.554e+7
214.82,1.866e+8,,1.866e+8
214.87,4.771e+8,,4.771e+8
214.92,1.095e+9,,1.095e+9
214.97,2.256e+9,,2.256e+9
215.02,4.172e+9,,4.172e+9
215.07,6.927e+9,,6.927e+9
215.12,1.032e+10,,1.032e+10
215.17,1.382e+10,,1.382e+10
215.22,1.660e+10,,1.660e+10
215.27,1.790e+10,,1.790e+10
215.32,1.733e+10,,1.733e+10
215.37,1.506e+10,,1.506e+10
215.42,1.175e+10,,1.175e+10
215.47,8.232e+9,,8.232e+9
215.52,5.176e+9,,5.176e+9
215.57,2.922e+9,,2.922e+9
215.62,1.481e+9,,1.481e+9
215.67,6.738e+8,,6.738e+8
215.72,2.752e+8,,2.752e+8
215.77,1.009e+8,,1.009e+8
215.82,3.328e+7,,3.328e+7
215.87,1.013e+7,,1.013e+7
215.92,4.020e+6,,4.020e+6
215.97,6.334e+6,,6.334e+6
216.02,2.085e+7,,2.085e+7
216.07,6.758e+7,,6.758e+7
216.12,1.980e+8,,1.980e+8
216.17,5.215e+8,,5.215e+8
216.22,1.235e+9,,1.235e+9
216.27,2.629e+9,,2.629e+9
216.32,5.030e+9,,5.030e+9
216.37,8.653e+9,,8.653e+9
216.42,1.338e+10,,1.338e+10
216.47,1.860e+10,,1.860e+10
216.52,2.324e+10,,2.324e+10
216.57,2.610e+10,,2.610e+10
216.62,2.636e+10,,2.636e+10
216.67,2.392e+10,,2.392e+10
216.72,1.952e+10,,1.952e+10
216.77,1.431e+10,,1.431e+10
216.82,9.438e+9,,9.438e+9
216.87,5.593e+9,,5.593e+9
216.92,2.980e+9,,2.980e+9
216.97,1.427e+9,,1.427e+9
217.02,6.144e+8,,6.144e+8
217.07,2.378e+8,,2.378e+8
217.12,8.271e+7,,8.271e+7
217.17,2.586e+7,,2.586e+7
217.22,7.270e+6,,7.270e+6
217.27,1.837e+6,,1.837e+6
217.32,4.173e+5,,4.173e+5
217.37,8.520e+4,,8.520e+4
217.42,1.564e+4,,1.564e+4
217.47,2.580e+3,,2.580e+3
217.52,3.827e+2,,3.827e+2
217.57,5.102e+1,,5.102e+1
217.62,6.115e+0,,6.115e+0
217.67,6.588e-1,,6.588e-1
217.72,6.380e-2,,6.380e-2
217.77,5.554e-3,,5.554e-3
217.82,4.347e-4,,4.347e-4
217.87,3.058e-5,,3.058e-5
217.92,1.933e-6,,1.933e-6
223.97,7.488e-10,7.488e-10,
224.02,1.038e-8,1.038e-8,
224.07,1.305e-7,1.305e-7,
224.12,1.486e-6,1.486e-6,
224.17,1.533e-5,1.533e-5,
224.22,1.433e-4,1.433e-4,
224.27,1.215e-3,1.215e-3,
224.32,9.329e-3,9.329e-3,
224.37,6.492e-2,6.492e-2,
224.42,4.094e-1,4.094e-1,
224.47,2.340e+0,2.340e+0,
224.52,1.212e+1,1.212e+1,
224.57,5.687e+1,5.687e+1,
224.62,2.419e+2,2.419e+2,
224.67,9.323e+2,9.323e+2,
224.72,3.256e+3,3.256e+3,
224.77,1.031e+4,1.031e+4,
224.82,2.956e+4,2.956e+4,
224.87,7.684e+4,7.684e+4,
224.92,1.810e+5,1.810e+5,
224.97,3.864e+5,3.864e+5,
225.02,7.474e+5,7.474e+5,
225.07,1.310e+6,1.310e+6,
225.12,2.082e+6,2.082e+6,
225.17,2.997e+6,2.997e+6,
225.22,3.909e+6,3.909e+6,
225.27,4.622e+6,4.622e+6,
225.32,4.952e+6,4.952e+6,
225.37,4.808e+6,4.808e+6,
225.42,4.230e+6,4.230e+6,
225.47,3.372e+6,3.372e+6,
225.52,2.437e+6,2.437e+6,
225.57,1.596e+6,1.596e+6,
225.62,9.467e+5,9.467e+5,
225.67,5.091e+5,5.091e+5,
225.72,2.481e+5,2.481e+5,
225.77,1.095e+5,1.095e+5,
225.82,4.384e+4,4.384e+4,
225.87,1.590e+4,1.590e+4,
225.92,5.224e+3,5.224e+3,
225.97,1.556e+3,1.556e+3,
226.02,4.199e+2,4.199e+2,
226.07,1.027e+2,1.027e+2,
226.12,2.276e+1,2.276e+1,
226.17,4.571e+0,4.571e+0,
226.22,8.319e-1,8.319e-1,
226.27,1.372e-1,1.372e-1,
226.32,2.052e-2,2.052e-2,
226.37,2.852e-3,2.852e-3,
226.42,9.871e-4,9.871e-4,
226.47,5.192e-3,5.192e-3,
226.52,3.733e-2,3.733e-2,
226.57,2.455e-1,2.455e-1,
226.62,1.466e+0,1.466e+0,
226.67,7.946e+0,7.946e+0,
226.72,3.911e+1,3.911e+1,
226.77,1.748e+2,1.748e+2,
226.82,7.091e+2,7.091e+2,2.184e-7
226.87,2.612e+3,2.612e+3,2.947e-6
226.92,8.737e+3,8.737e+3,3.612e-5
226.97,2.653e+4,2.653e+4,4.021e-4
227.02,7.315e+4,7.315e+4,4.067e-3
227.07,1.831e+5,1.831e+5,3.737e-2
227.12,4.162e+5,4.162e+5,3.119e-1
227.17,8.587e+5,8.587e+5,2.365e+0
227.22,1.609e+6,1.609e+6,1.629e+1
227.27,2.737e+6,2.737e+6,1.020e+2
227.32,4.227e+6,4.227e+6,5.798e+2
227.37,5.930e+6,5.927e+6,2.994e+3
227.42,7.560e+6,7.545e+6,1.405e+4
227.47,8.782e+6,8.722e+6,5.988e+4
227.52,9.385e+6,9.153e+6,2.319e+5
227.57,9.537e+6,8.722e+6,8.156e+5
227.62,1.015e+7,7.545e+6,2.606e+6
227.67,1.349e+7,5.927e+6,7.567e+6
227.72,2.418e+7,4.227e+6,1.996e+7
227.77,5.055e+7,2.737e+6,4.781e+7
227.82,1.057e+8,1.609e+6,1.041e+8
227.87,2.066e+8,8.587e+5,2.058e+8
227.92,3.700e+8,4.162e+5,3.696e+8
227.97,6.033e+8,1.831e+5,6.031e+8
228.02,8.941e+8,7.315e+4,8.940e+8
228.07,1.204e+9,2.653e+4,1.204e+9
228.12,1.473e+9,8.737e+3,1.473e+9
228.17,1.637e+9,2.612e+3,1.637e+9
228.22,1.653e+9,7.091e+2,1.653e+9
228.27,1.516e+9,1.748e+2,1.516e+9
228.32,1.263e+9,3.911e+1,1.263e+9
228.37,9.561e+8,7.946e+0,9.561e+8
228.42,6.575e+8,1.466e+0,6.575e+8
228.47,4.107e+8,2.455e-1,4.107e+8
228.52,2.331e+8,3.733e-2,2.331e+8
228.57,1.202e+8,5.154e-3,1.202e+8
228.62,5.629e+7,6.460e-4,5.629e+7
228.67,2.395e+7,7.353e-5,2.395e+7
228.72,9.257e+6,7.598e-6,9.257e+6
228.77,3.251e+6,7.128e-7,3.251e+6
228.82,1.037e+6,6.071e-8,1.037e+6
228.87,3.005e+5,4.695e-9,3.005e+5
228.92,7.911e+4,,7.911e+4
228.97,1.892e+4,,1.892e+4
229.02,4.111e+3,,4.111e+3
229.07,8.113e+2,,8.113e+2
229.12,1.455e+2,,1.455e+2
229.17,2.370e+1,,2.370e+1
229.22,3.506e+0,,3.506e+0
229.27,4.714e-1,,4.714e-1
229.32,5.757e-2,1.010e-9,5.757e-2
229.37,6.386e-3,1.362e-8,6.386e-3
229.42,6.438e-4,1.672e-7,6.437e-4
229.47,6.080e-5,1.869e-6,5.893e-5
229.52,2.392e-5,1.902e-5,4.902e-6
229.57,1.765e-4,1.762e-4,3.704e-7
229.62,1.485e-3,1.485e-3,
229.67,1.140e-2,1.140e-2,
229.72,7.968e-2,7.968e-2,
229.77,5.069e-1,5.069e-1,
229.82,2.936e+0,2.936e+0,
229.87,1.548e+1,1.548e+1,
229.92,7.429e+1,7.429e+1,
229.97,3.246e+2,3.246e+2,
230.02,1.291e+3,1.291e+3,
230.07,4.675e+3,4.675e+3,
230.12,1.541e+4,1.541e+4,
230.17,4.624e+4,4.624e+4,
230.22,1.263e+5,1.263e+5,
230.27,3.142e+5,3.142e+5,
230.32,7.113e+5,7.113e+5,
230.37,1.466e+6,1.466e+6,
230.42,2.751e+6,2.751e+6,
230.47,4.698e+6,4.698e+6,
230.52,7.306e+6,7.306e+6,
230.57,1.034e+7,1.034e+7,
230.62,1.333e+7,1.333e+7,
230.67,1.563e+7,1.563e+7,
230.72,1.670e+7,1.670e+7,
230.77,1.623e+7,1.623e+7,
230.82,1.437e+7,1.437e+7,1.525e-7
230.87,1.158e+7,1.158e+7,2.026e-6
230.92,8.491e+6,8.491e+6,2.453e-5
230.97,5.669e+6,5.669e+6,2.707e-4
231.02,3.446e+6,3.446e+6,2.723e-3
231.07,1.907e+6,1.907e+6,2.496e-2
231.12,9.607e+5,9.607e+5,2.086e-1
231.17,4.406e+5,4.406e+5,1.588e+0
231.22,1.840e+5,1.839e+5,1.103e+1
231.27,6.998e+4,6.991e+4,6.977e+1
231.32,2.459e+4,2.419e+4,4.024e+2
231.37,9.734e+3,7.619e+3,2.115e+3
231.42,1.232e+4,2.185e+3,1.013e+4
231.47,4.483e+4,5.702e+2,4.426e+4
231.52,1.763e+5,1.355e+2,1.762e+5
231.58,8.179e+5,2.134e+1,8.179e+5
231.63,2.655e+6,4.124e+0,2.655e+6
231.68,7.857e+6,7.257e-1,7.857e+6
231.73,2.119e+7,1.162e-1,2.119e+7
231.78,5.211e+7,1.695e-2,5.211e+7
231.83,1.168e+8,2.250e-3,1.168e+8
231.88,2.387e+8,2.719e-4,2.387e+8
231.93,4.449e+8,2.991e-5,4.449e+8
231.98,7.562e+8,2.995e-6,7.562e+8
232.03,1.173e+9,2.730e-7,1.173e+9
232.08,1.660e+9,2.266e-8,1.660e+9
232.13,2.146e+9,1.712e-9,2.146e+9
232.18,2.537e+9,,2.537e+9
232.23,2.745e+9,,2.745e+9
232.28,2.724e+9,,2.724e+9
232.33,2.487e+9,,2.487e+9
232.38,2.095e+9,,2.095e+9
232.43,1.635e+9,,1.635e+9
232.48,1.190e+9,,1.190e+9
232.53,8.110e+8,,8.110e+8
232.58,5.207e+8,,5.207e+8
232.63,3.161e+8,,3.161e+8
232.68,1.816e+8,,1.816e+8
232.73,9.866e+7,,9.866e+7
232.78,5.046e+7,,5.046e+7
232.83,2.418e+7,,2.418e+7
232.88,1.080e+7,,1.080e+7
232.93,4.466e+6,,4.466e+6
232.98,1.705e+6,,1.705e+6
233.03,5.986e+5,,5.986e+5
233.08,1.928e+5,,1.928e+5
233.13,5.682e+4,,5.682e+4
233.18,1.532e+4,,1.532e+4
233.23,3.771e+3,,3.771e+3
233.28,8.477e+2,,8.477e+2
233.33,1.738e+2,,1.738e+2
233.38,3.252e+1,,3.252e+1
233.43,5.549e+0,,5.549e+0
233.48,8.634e-1,,8.634e-1
233.53,1.225e-1,,1.225e-1
233.58,1.584e-2,,1.584e-2
233.63,1.868e-3,,1.868e-3
233.68,2.008e-4,,2.008e-4
233.73,1.968e-5,,1.968e-5
233.78,1.759e-6,,1.759e-6
233.83,1.433e-7,,1.433e-7
234.03,1.230e-8,1.230e-8,
234.08,1.470e-7,1.470e-7,
234.13,1.605e-6,1.605e-6,
234.18,1.601e-5,1.601e-5,
234.23,1.460e-4,1.460e-4,
234.28,1.216e-3,1.216e-3,
234.33,9.256e-3,9.256e-3,
234.38,6.438e-2,6.438e-2,
234.43,4.091e-1,4.091e-1,
234.48,2.376e+0,2.376e+0,
234.53,1.260e+1,1.260e+1,
234.58,6.111e+1,6.111e+1,
234.63,2.707e+2,2.707e+2,
234.68,1.096e+3,1.096e+3,
234.73,4.053e+3,4.053e+3,
234.78,1.370e+4,1.370e+4,
234.83,4.231e+4,4.231e+4,
234.88,1.194e+5,1.194e+5,
234.93,3.078e+5,3.078e+5,
234.98,7.252e+5,7.252e+5,
235.03,1.561e+6,1.561e+6,
235.08,3.071e+6,3.071e+6,
235.13,5.520e+6,5.520e+6,
235.18,9.066e+6,9.066e+6,
235.23,1.360e+7,1.360e+7,
235.28,1.866e+7,1.866e+7,
235.33,2.338e+7,2.338e+7,
235.38,2.676e+7,2.676e+7,
235.43,2.800e+7,2.800e+7,
235.48,2.676e+7,2.676e+7,
235.53,2.338e+7,2.338e+7,
235.58,1.866e+7,1.866e+7,
235.63,1.360e+7,1.360e+7,
235.68,9.066e+6,9.066e+6,
235.73,5.520e+6,5.520e+6,
235.78,3.071e+6,3.071e+6,
235.83,1.561e+6,1.561e+6,
235.88,7.252e+5,7.252e+5,
235.93,3.078e+5,3.078e+5,
235.98,1.194e+5,1.194e+5,
236.03,4.231e+4,4.231e+4,
236.08,1.370e+4,1.370e+4,
236.13,4.053e+3,4.053e+3,
236.18,1.096e+3,1.096e+3,
236.23,2.707e+2,2.707e+2,
236.28,6.111e+1,6.111e+1,
236.33,1.260e+1,1.260e+1,
236.38,2.376e+0,2.376e+0,
236.43,4.091e-1,4.091e-1,
236.48,6.438e-2,6.438e-2,
236.53,9.256e-3,9.256e-3,
236.58,1.216e-3,1.216e-3,
236.63,1.460e-4,1.460e-4,
236.68,1.601e-5,1.601e-5,
236.73,1.605e-6,1.605e-6,
236.78,1.470e-7,1.470e-7,
236.83,1.230e-8,1.230e-8,
240.88,1.869e-8,,1.869e-8
240.93,2.225e-7,,2.225e-7
240.98,2.433e-6,,2.433e-6
241.03,2.444e-5,,2.444e-5
241.08,2.254e-4,,2.254e-4
241.13,1.910e-3,,1.910e-3
241.18,1.486e-2,,1.486e-2
241.23,1.061e-1,,1.061e-1
241.28,6.965e-1,,6.965e-1
241.33,4.197e+0,2.136e-9,4.197e+0
241.38,2.323e+1,2.520e-8,2.323e+1
241.43,1.181e+2,2.732e-7,1.181e+2
241.48,5.512e+2,2.720e-6,5.512e+2
241.53,2.363e+3,2.488e-5,2.363e+3
241.58,9.305e+3,2.091e-4,9.305e+3
241.63,3.365e+4,1.614e-3,3.365e+4
241.68,1.117e+5,1.145e-2,1.117e+5
241.73,3.408e+5,7.461e-2,3.408e+5
241.78,9.546e+5,4.467e-1,9.546e+5
241.83,2.456e+6,2.456e+0,2.456e+6
241.88,5.802e+6,1.241e+1,5.802e+6
241.93,1.259e+7,5.760e+1,1.259e+7
241.98,2.509e+7,2.456e+2,2.509e+7
242.03,4.592e+7,9.622e+2,4.591e+7
242.08,7.718e+7,3.463e+3,7.717e+7
242.13,1.191e+8,1.145e+4,1.191e+8
242.18,1.689e+8,3.477e+4,1.689e+8
242.23,2.200e+8,9.703e+4,2.199e+8
242.28,2.632e+8,2.487e+5,2.629e+8
242.33,2.893e+8,5.858e+5,2.887e+8
242.38,2.925e+8,1.267e+6,2.912e+8
242.43,2.722e+8,2.519e+6,2.697e+8
242.48,2.340e+8,4.600e+6,2.294e+8
242.53,1.870e+8,7.717e+6,1.793e+8
242.58,1.405e+8,1.189e+7,1.286e+8
242.63,1.016e+8,1.684e+7,8.475e+7
242.68,7.319e+7,2.190e+7,5.129e+7
242.73,5.468e+7,2.617e+7,2.851e+7
242.78,4.328e+7,2.873e+7,1.455e+7
242.83,3.579e+7,2.897e+7,6.821e+6
242.88,2.978e+7,2.684e+7,2.937e+6
242.93,2.401e+7,2.285e+7,1.161e+6
242.98,1.829e+7,1.787e+7,4.216e+5
243.03,1.298e+7,1.284e+7,1.406e+5
243.08,8.514e+6,8.471e+6,4.307e+4
243.13,5.148e+6,5.136e+6,1.211e+4
243.18,2.864e+6,2.861e+6,3.130e+3
243.23,1.465e+6,1.464e+6,7.425e+2
243.28,6.884e+5,6.882e+5,1.618e+2
243.33,2.973e+5,2.972e+5,3.238e+1
243.38,1.179e+5,1.179e+5,5.950e+0
243.43,4.299e+4,4.299e+4,1.004e+0
243.48,1.439e+4,1.439e+4,1.557e-1
243.53,4.428e+3,4.428e+3,2.216e-2
243.58,1.252e+3,1.252e+3,2.898e-3
243.63,3.249e+2,3.249e+2,3.480e-4
243.68,7.751e+1,7.751e+1,3.837e-5
243.73,1.698e+1,1.698e+1,3.886e-6
243.78,3.419e+0,3.419e+0,3.615e-7
243.83,6.324e-1,6.324e-1,3.088e-8
243.88,1.074e-1,1.074e-1,
243.93,1.677e-2,1.677e-2,
243.98,2.405e-3,2.405e-3,
244.03,3.169e-4,3.169e-4,
244.08,3.835e-5,3.835e-5,
244.13,4.264e-6,4.264e-6,
244.18,4.355e-7,4.355e-7,
244.23,4.087e-8,4.087e-8,
244.28,3.524e-9,3.524e-9,
245.68,1.510e-7,,1.510e-7
245.73,1.634e-6,,1.634e-6
245.78,1.630e-5,,1.630e-5
245.83,1.498e-4,,1.498e-4
245.88,1.268e-3,,1.268e-3
245.93,9.895e-3,,9.895e-3
245.98,7.114e-2,,7.114e-2
246.03,4.712e-1,,4.712e-1
246.08,2.876e+0,,2.876e+0
246.13,1.617e+1,,1.617e+1
246.18,8.382e+1,,8.382e+1
246.23,4.002e+2,,4.002e+2
246.28,1.761e+3,,1.761e+3
246.33,7.137e+3,,7.137e+3
246.38,2.666e+4,,2.666e+4
246.43,9.174e+4,,9.174e+4
246.48,2.909e+5,,2.909e+5
246.53,8.500e+5,,8.500e+5
246.58,2.289e+6,,2.289e+6
246.63,5.677e+6,,5.677e+6
246.68,1.298e+7,,1.298e+7
246.73,2.733e+7,,2.733e+7
246.78,5.303e+7,,5.303e+7
246.83,9.483e+7,,9.483e+7
246.88,1.562e+8,,1.562e+8
246.93,2.372e+8,,2.372e+8
246.98,3.317e+8,,3.317e+8
247.03,4.275e+8,,4.275e+8
247.08,5.077e+8,,5.077e+8
247.13,5.556e+8,,5.556e+8
247.18,5.601e+8,,5.601e+8
247.23,5.204e+8,,5.204e+8
247.28,4.454e+8,,4.454e+8
247.33,3.513e+8,,3.513e+8
247.38,2.553e+8,,2.553e+8
247.43,1.709e+8,,1.709e+8
247.48,1.055e+8,,1.055e+8
247.53,5.996e+7,,5.996e+7
247.58,3.141e+7,,3.141e+7
247.63,1.516e+7,,1.516e+7
247.68,6.742e+6,,6.742e+6
247.73,2.763e+6,,2.763e+6
247.78,1.043e+6,,1.043e+6
247.83,3.629e+5,,3.629e+5
247.88,1.163e+5,,1.163e+5
247.93,3.436e+4,,3.436e+4
247.98,9.350e+3,,9.350e+3
248.03,2.345e+3,,2.345e+3
248.08,5.417e+2,,5.417e+2
248.13,1.153e+2,,1.153e+2
248.18,2.262e+1,,2.262e+1
248.23,4.089e+0,,4.089e+0
248.28,6.811e-1,,6.811e-1
248.33,1.045e-1,,1.045e-1
248.38,1.478e-2,,1.478e-2
248.43,1.925e-3,,1.925e-3
248.48,2.311e-4,,2.311e-4
248.53,2.556e-5,,2.556e-5
248.58,2.605e-6,,2.605e-6
248.63,2.447e-7,,2.447e-7
255.38,6.567e-10,6.567e-10,
255.43,6.818e-9,6.818e-9,
255.48,6.563e-8,6.563e-8,
255.53,5.856e-7,5.856e-7,
255.58,4.845e-6,4.845e-6,
255.63,3.715e-5,3.715e-5,
255.68,2.642e-4,2.642e-4,
255.73,1.741e-3,1.741e-3,
255.78,1.064e-2,1.064e-2,
255.83,6.027e-2,6.027e-2,
255.88,3.165e-1,3.165e-1,
255.93,1.541e+0,1.541e+0,
255.98,6.955e+0,6.955e+0,
256.03,2.910e+1,2.910e+1,
256.08,1.129e+2,1.129e+2,
256.13,4.060e+2,4.060e+2,
256.18,1.354e+3,1.354e+3,
256.23,4.183e+3,4.183e+3,
256.28,1.199e+4,1.199e+4,
256.33,3.184e+4,3.184e+4,
256.38,7.841e+4,7.841e+4,
256.43,1.790e+5,1.790e+5,
256.48,3.789e+5,3.789e+5,
256.53,7.434e+5,7.434e+5,
256.58,1.352e+6,1.352e+6,
256.63,2.280e+6,2.280e+6,
256.68,3.565e+6,3.565e+6,
256.73,5.167e+6,5.167e+6,
256.78,6.942e+6,6.942e+6,
256.83,8.647e+6,8.647e+6,
256.88,9.985e+6,9.985e+6,
256.93,1.069e+7,1.069e+7,
256.98,1.061e+7,1.061e+7,
257.03,9.761e+6,9.761e+6,
257.08,8.326e+6,8.326e+6,
257.13,6.584e+6,6.584e+6,
257.18,4.826e+6,4.826e+6,
257.23,3.280e+6,3.280e+6,
257.28,2.067e+6,2.067e+6,
257.33,1.207e+6,1.207e+6,
257.38,6.536e+5,6.536e+5,
257.43,3.281e+5,3.281e+5,
257.48,1.527e+5,1.527e+5,
257.53,6.588e+4,6.588e+4,
257.58,2.635e+4,2.635e+4,
257.63,9.770e+3,9.770e+3,
257.68,3.359e+3,3.359e+3,
257.73,1.070e+3,1.070e+3,
257.78,3.162e+2,3.162e+2,
257.83,8.661e+1,8.661e+1,
257.88,2.199e+1,2.199e+1,
257.93,5.177e+0,5.177e+0,
257.98,1.130e+0,1.130e+0,
258.03,2.285e-1,2.285e-1,
258.08,4.286e-2,4.286e-2,
258.13,7.453e-3,7.453e-3,
258.18,1.201e-3,1.201e-3,
258.23,1.795e-4,1.795e-4,
258.28,2.487e-5,2.487e-5,
258.33,3.194e-6,3.194e-6,
258.38,3.803e-7,3.803e-7,
258.43,4.198e-8,4.198e-8,
258.48,4.296e-9,4.296e-9,
328.21,1.777e-8,1.777e-8,
328.26,1.049e-7,1.049e-7,
328.31,5.910e-7,5.910e-7,
328.36,3.181e-6,3.181e-6,
328.41,1.636e-5,1.636e-5,
328.46,8.034e-5,8.034e-5,
328.51,3.769e-4,3.769e-4,
328.56,1.689e-3,1.689e-3,
328.61,7.228e-3,7.228e-3,
328.66,2.955e-2,2.955e-2,
328.71,1.154e-1,1.154e-1,
328.76,4.303e-1,4.303e-1,
328.81,1.533e+0,1.533e+0,
328.86,5.217e+0,5.217e+0,
328.91,1.696e+1,1.696e+1,
328.96,5.264e+1,5.264e+1,
329.01,1.561e+2,1.561e+2,
329.06,4.422e+2,4.422e+2,
329.11,1.196e+3,1.196e+3,
329.16,3.091e+3,3.091e+3,
329.21,7.630e+3,7.630e+3,
329.26,1.799e+4,1.799e+4,
329.31,4.051e+4,4.051e+4,
329.36,8.715e+4,8.715e+4,
329.41,1.791e+5,1.791e+5,
329.46,3.514e+5,3.514e+5,
329.51,6.587e+5,6.587e+5,
329.56,1.179e+6,1.179e+6,
329.61,2.017e+6,2.017e+6,
329.66,3.295e+6,3.295e+6,
329.71,5.141e+6,5.141e+6,
329.76,7.662e+6,7.662e+6,
329.81,1.091e+7,1.091e+7,
329.86,1.483e+7,1.483e+7,
329.91,1.926e+7,1.926e+7,
329.96,2.390e+7,2.390e+7,
330.01,2.832e+7,2.832e+7,
330.06,3.205e+7,3.205e+7,
330.11,3.465e+7,3.465e+7,
330.16,3.578e+7,3.578e+7,
330.21,3.529e+7,3.529e+7,
330.26,3.325e+7,3.325e+7,
330.31,2.992e+7,2.992e+7,
330.36,2.572e+7,2.572e+7,
330.41,2.111e+7,2.111e+7,
330.46,1.656e+7,1.656e+7,
330.51,1.240e+7,1.240e+7,
330.56,8.874e+6,8.874e+6,
330.61,6.064e+6,6.064e+6,
330.66,3.958e+6,3.958e+6,
330.71,2.468e+6,2.468e+6,
330.76,1.470e+6,1.470e+6,
330.81,8.361e+5,8.361e+5,
330.86,4.543e+5,4.543e+5,
330.91,2.358e+5,2.358e+5,
330.96,1.169e+5,1.169e+5,
331.01,5.534e+4,5.534e+4,
331.06,2.503e+4,2.503e+4,
331.11,1.081e+4,1.081e+4,
331.16,4.462e+3,4.462e+3,
331.21,1.758e+3,1.758e+3,
331.26,6.620e+2,6.620e+2,
331.31,2.380e+2,2.380e+2,
331.36,8.176e+1,8.176e+1,
331.41,2.682e+1,2.682e+1,
331.46,8.405e+0,8.405e+0,
331.51,2.516e+0,2.516e+0,
331.56,7.193e-1,7.193e-1,
331.61,1.964e-1,1.964e-1,
331.66,5.123e-2,5.123e-2,
331.71,1.276e-2,1.276e-2,
331.76,3.038e-3,3.038e-3,
331.81,6.905e-4,6.905e-4,
331.86,1.499e-4,1.499e-4,
331.91,3.109e-5,3.109e-5,
331.96,6.158e-6,6.158e-6,
332.01,1.165e-6,1.165e-6,
332.06,2.106e-7,2.106e-7,
332.11,3.635e-8,3.635e-8,
332.16,5.994e-9,5.994e-9,
344.36,3.662e-6,,3.662e-6
344.41,2.046e-5,,2.046e-5
344.46,1.097e-4,,1.097e-4
344.51,5.637e-4,,5.637e-4
344.56,2.779e-3,,2.779e-3
344.61,1.315e-2,,1.315e-2
344.66,5.964e-2,,5.964e-2
344.71,2.595e-1,,2.595e-1
344.76,1.083e+0,,1.083e+0
344.81,4.337e+0,,4.337e+0
344.86,1.666e+1,,1.666e+1
344.91,6.135e+1,,6.135e+1
344.96,2.168e+2,,2.168e+2
345.01,7.347e+2,,7.347e+2
345.06,2.388e+3,,2.388e+3
345.11,7.448e+3,,7.448e+3
345.16,2.228e+4,,2.228e+4
345.21,6.391e+4,,6.391e+4
345.26,1.759e+5,,1.759e+5
345.31,4.642e+5,,4.642e+5
345.36,1.175e+6,,1.175e+6
345.41,2.855e+6,,2.855e+6
345.46,6.650e+6,,6.650e+6
345.51,1.486e+7,,1.486e+7
345.56,3.185e+7,,3.185e+7
345.61,6.547e+7,,6.547e+7
345.66,1.291e+8,,1.291e+8
345.71,2.442e+8,,2.442e+8
345.76,4.431e+8,,4.431e+8
345.81,7.711e+8,,7.711e+8
345.86,1.287e+9,,1.287e+9
345.91,2.061e+9,,2.061e+9
345.96,3.165e+9,,3.165e+9
346.01,4.663e+9,,4.663e+9
346.06,6.589e+9,,6.589e+9
346.11,8.931e+9,,8.931e+9
346.16,1.161e+10,,1.161e+10
346.21,1.448e+10,,1.448e+10
346.26,1.732e+10,,1.732e+10
346.31,1.987e+10,,1.987e+10
346.36,2.187e+10,,2.187e+10
346.41,2.309e+10,,2.309e+10
346.46,2.338e+10,,2.338e+10
346.51,2.271e+10,,2.271e+10
346.56,2.116e+10,,2.116e+10
346.61,1.891e+10,,1.891e+10
346.66,1.621e+10,,1.621e+10
346.71,1.334e+10,,1.334e+10
346.76,1.054e+10,,1.054e+10
346.81,8.004e+9,,8.004e+9
346.86,5.863e+9,,5.863e+9
346.91,4.173e+9,,4.173e+9
346.96,2.931e+9,,2.931e+9
347.01,2.098e+9,,2.098e+9
347.06,1.612e+9,,1.612e+9
347.11,1.401e+9,,1.401e+9
347.16,1.397e+9,,1.397e+9
347.21,1.537e+9,,1.537e+9
347.26,1.763e+9,,1.763e+9
347.31,2.021e+9,,2.021e+9
347.36,2.265e+9,,2.265e+9
347.41,2.456e+9,,2.456e+9
347.46,2.564e+9,,2.564e+9
347.51,2.572e+9,,2.572e+9
347.56,2.477e+9,,2.477e+9
347.61,2.289e+9,,2.289e+9
347.66,2.030e+9,,2.030e+9
347.71,1.727e+9,,1.727e+9
347.76,1.410e+9,,1.410e+9
347.81,1.104e+9,,1.104e+9
347.86,8.298e+8,,8.298e+8
347.91,5.983e+8,,5.983e+8
347.96,4.139e+8,,4.139e+8
348.01,2.747e+8,,2.747e+8
348.06,1.749e+8,,1.749e+8
348.11,1.069e+8,,1.069e+8
348.16,6.264e+7,,6.264e+7
348.21,3.522e+7,,3.522e+7
348.26,1.901e+7,,1.901e+7
348.31,9.839e+6,,9.839e+6
348.36,4.887e+6,,4.887e+6
348.41,2.329e+6,,2.329e+6
348.46,1.065e+6,,1.065e+6
348.51,4.671e+5,,4.671e+5
348.56,1.966e+5,,1.966e+5
348.61,7.938e+4,,7.938e+4
348.66,3.075e+4,,3.075e+4
348.71,1.143e+4,,1.143e+4
348.76,4.076e+3,,4.076e+3
348.81,1.395e+3,,1.395e+3
348.86,4.579e+2,,4.579e+2
348.91,1.442e+2,,1.442e+2
348.96,4.358e+1,,4.358e+1
349.01,1.264e+1,,1.264e+1
349.06,3.515e+0,,3.515e+0
349.11,9.381e-1,,9.381e-1
349.16,2.402e-1,,2.402e-1
349.21,5.901e-2,,5.901e-2
349.26,1.391e-2,,1.391e-2
349.31,3.146e-3,,3.146e-3
349.36,6.825e-4,,6.825e-4
349.41,1.421e-4,,1.421e-4
349.46,2.838e-5,,2.838e-5
349.51,5.438e-6,,5.438e-6
349.56,9.998e-7,,9.998e-7
405.33,5.166e-5,,5.166e-5
405.38,2.208e-4,,2.208e-4
405.43,9.154e-4,,9.154e-4
405.48,3.684e-3,,3.684e-3
405.53,1.438e-2,,1.438e-2
405.58,5.450e-2,,5.450e-2
405.63,2.004e-1,,2.004e-1
405.68,7.150e-1,,7.150e-1
405.73,2.475e+0,,2.475e+0
405.78,8.316e+0,,8.316e+0
405.83,2.711e+1,,2.711e+1
405.88,8.577e+1,,8.577e+1
405.93,2.633e+2,,2.633e+2
405.98,7.843e+2,,7.843e+2
406.03,2.267e+3,,2.267e+3
406.08,6.360e+3,,6.360e+3
406.13,1.731e+4,,1.731e+4
406.18,4.572e+4,,4.572e+4
406.23,1.172e+5,,1.172e+5
406.28,2.915e+5,,2.915e+5
406.33,7.034e+5,,7.034e+5
406.38,1.647e+6,,1.647e+6
406.43,3.744e+6,,3.744e+6
406.48,8.256e+6,,8.256e+6
406.53,1.767e+7,,1.767e+7
406.58,3.669e+7,,3.669e+7
406.63,7.393e+7,,7.393e+7
406.68,1.446e+8,,1.446e+8
406.73,2.743e+8,,2.743e+8
406.78,5.050e+8,,5.050e+8
406.83,9.023e+8,,9.023e+8
406.88,1.564e+9,,1.564e+9
406.93,2.632e+9,,2.632e+9
406.98,4.297e+9,,4.297e+9
407.03,6.807e+9,,6.807e+9
407.08,1.046e+10,,1.046e+10
407.13,1.561e+10,,1.561e+10
407.18,2.259e+10,,2.259e+10
407.23,3.174e+10,,3.174e+10
407.28,4.326e+10,,4.326e+10
407.33,5.722e+10,,5.722e+10
407.38,7.344e+10,,7.344e+10
407.43,9.147e+10,,9.147e+10
407.48,1.105e+11,,1.105e+11
407.53,1.296e+11,,1.296e+11
407.58,1.475e+11,,1.475e+11
407.63,1.629e+11,,1.629e+11
407.68,1.746e+11,,1.746e+11
407.73,1.816e+11,,1.816e+11
407.78,1.832e+11,,1.832e+11
407.83,1.794e+11,,1.794e+11
407.88,1.704e+11,,1.704e+11
407.93,1.572e+11,,1.572e+11
407.98,1.406e+11,,1.406e+11
408.03,1.221e+11,,1.221e+11
408.08,1.028e+11,,1.028e+11
408.13,8.408e+10,,8.408e+10
408.18,6.670e+10,,6.670e+10
408.23,5.135e+10,,5.135e+10
408.28,3.836e+10,,3.836e+10
408.33,2.780e+10,,2.780e+10
408.38,1.956e+10,,1.956e+10
408.43,1.335e+10,,1.335e+10
408.48,8.842e+9,,8.842e+9
408.53,5.683e+9,,5.683e+9
408.58,3.544e+9,,3.544e+9
408.63,2.145e+9,,2.145e+9
408.68,1.260e+9,,1.260e+9
408.73,7.179e+8,,7.179e+8
408.78,3.970e+8,,3.970e+8
408.83,2.131e+8,,2.131e+8
408.88,1.109e+8,,1.109e+8
408.93,5.606e+7,,5.606e+7
408.98,2.749e+7,,2.749e+7
409.03,1.308e+7,,1.308e+7
409.08,6.039e+6,,6.039e+6
409.13,2.706e+6,,2.706e+6
409.18,1.176e+6,,1.176e+6
409.23,4.963e+5,,4.963e+5
409.28,2.032e+5,,2.032e+5
409.33,8.071e+4,,8.071e+4
409.38,3.111e+4,,3.111e+4
409.43,1.164e+4,,1.164e+4
409.48,4.225e+3,,4.225e+3
409.53,1.488e+3,,1.488e+3
409.58,5.087e+2,,5.087e+2
409.63,1.687e+2,,1.687e+2
409.68,5.430e+1,,5.430e+1
409.73,1.696e+1,,1.696e+1
409.78,5.140e+0,,5.140e+0
409.83,1.512e+0,,1.512e+0
409.88,4.314e-1,,4.314e-1
409.93,1.195e-1,,1.195e-1
409.98,3.210e-2,,3.210e-2
410.03,8.371e-3,,8.371e-3
410.08,2.118e-3,,2.118e-3
410.13,5.201e-4,,5.201e-4
410.18,1.239e-4,,1.239e-4
410.23,2.865e-5,,2.865e-5
413.68,4.859e-7,,4.859e-7
413.73,2.028e-6,,2.028e-6
413.78,8.226e-6,,8.226e-6
413.83,3.241e-5,,3.241e-5
413.88,1.241e-4,,1.241e-4
413.93,4.615e-4,,4.615e-4
413.98,1.667e-3,,1.667e-3
414.03,5.853e-3,,5.853e-3
414.08,1.996e-2,,1.996e-2
414.13,6.614e-2,,6.614e-2
414.18,2.129e-1,,2.129e-1
414.23,6.660e-1,,6.660e-1
414.28,2.024e+0,,2.024e+0
414.33,5.974e+0,,5.974e+0
414.38,1.713e+1,,1.713e+1
414.43,4.774e+1,,4.774e+1
414.48,1.293e+2,,1.293e+2
414.53,3.400e+2,,3.400e+2
414.58,8.687e+2,,8.687e+2
414.63,2.157e+3,,2.157e+3
414.68,5.202e+3,,5.202e+3
414.73,1.219e+4,,1.219e+4
414.78,2.775e+4,,2.775e+4
414.83,6.139e+4,,6.139e+4
414.88,1.319e+5,,1.319e+5
414.93,2.754e+5,,2.754e+5
414.98,5.587e+5,,5.587e+5
415.03,1.101e+6,,1.101e+6
415.08,2.108e+6,,2.108e+6
415.13,3.921e+6,,3.921e+6
415.18,7.087e+6,,7.087e+6
415.23,1.244e+7,,1.244e+7
415.28,2.122e+7,,2.122e+7
415.33,3.518e+7,,3.518e+7
415.38,5.664e+7,,5.664e+7
415.43,8.860e+7,,8.860e+7
415.48,1.347e+8,,1.347e+8
415.53,1.988e+8,,1.988e+8
415.58,2.852e+8,,2.852e+8
415.63,3.975e+8,,3.975e+8
415.68,5.383e+8,,5.383e+8
415.73,7.081e+8,,7.081e+8
415.78,9.050e+8,,9.050e+8
415.83,1.124e+9,,1.124e+9
415.88,1.356e+9,,1.356e+9
415.93,1.589e+9,,1.589e+9
415.98,1.809e+9,,1.809e+9
416.03,2.002e+9,,2.002e+9
416.08,2.152e+9,,2.152e+9
416.13,2.247e+9,,2.247e+9
416.18,2.279e+9,,2.279e+9
416.23,2.247e+9,,2.247e+9
416.28,2.152e+9,,2.152e+9
416.33,2.002e+9,,2.002e+9
416.38,1.809e+9,,1.809e+9
416.43,1.589e+9,,1.589e+9
416.48,1.356e+9,,1.356e+9
416.53,1.124e+9,,1.124e+9
416.58,9.050e+8,,9.050e+8
416.63,7.081e+8,,7.081e+8
416.68,5.383e+8,,5.383e+8
416.73,3.975e+8,,3.975e+8
416.78,2.852e+8,,2.852e+8
416.84,1.843e+8,,1.843e+8
416.89,1.241e+8,,1.241e+8
416.94,8.120e+7,,8.120e+7
416.99,5.161e+7,,5.161e+7
417.04,3.187e+7,,3.187e+7
417.09,1.912e+7,,1.912e+7
417.14,1.114e+7,,1.114e+7
417.19,6.310e+6,,6.310e+6
417.24,3.472e+6,,3.472e+6
417.29,1.856e+6,,1.856e+6
417.34,9.636e+5,,9.636e+5
417.39,4.861e+5,,4.861e+5
417.44,2.383e+5,,2.383e+5
417.49,1.135e+5,,1.135e+5
417.54,5.250e+4,,5.250e+4
417.59,2.360e+4,,2.360e+4
417.64,1.031e+4,,1.031e+4
417.69,4.372e+3,,4.372e+3
417.74,1.802e+3,,1.802e+3
417.79,7.218e+2,,7.218e+2
417.84,2.808e+2,,2.808e+2
417.89,1.062e+2,,1.062e+2
417.94,3.899e+1,,3.899e+1
417.99,1.391e+1,,1.391e+1
418.04,4.822e+0,,4.822e+0
418.09,1.624e+0,,1.624e+0
418.14,5.314e-1,,5.314e-1
418.19,1.689e-1,,1.689e-1
418.24,5.217e-2,,5.217e-2
418.29,1.565e-2,,1.565e-2
418.34,4.564e-3,,4.564e-3
418.39,1.293e-3,,1.293e-3
418.44,3.557e-4,,3.557e-4
418.49,9.508e-5,,9.508e-5
418.54,2.470e-5,,2.470e-5
418.59,6.232e-6,,6.232e-6
418.64,1.528e-6,,1.528e-6
418.69,3.639e-7,,3.639e-7
419.04,3.446e-5,,3.446e-5
419.09,1.395e-4,,1.395e-4
419.14,5.492e-4,,5.492e-4
419.19,2.102e-3,,2.102e-3
419.24,7.821e-3,,7.821e-3
419.29,2.829e-2,,2.829e-2
419.34,9.951e-2,,9.951e-2
419.39,3.403e-1,,3.403e-1
419.44,1.131e+0,,1.131e+0
419.49,3.658e+0,,3.658e+0
419.54,1.150e+1,,1.150e+1
419.59,3.513e+1,,3.513e+1
419.64,1.044e+2,,1.044e+2
419.69,3.014e+2,,3.014e+2
419.74,8.466e+2,,8.466e+2
419.79,2.312e+3,,2.312e+3
419.84,6.136e+3,,6.136e+3
419.89,1.584e+4,,1.584e+4
419.94,3.975e+4,,3.975e+4
419.99,9.697e+4,,9.697e+4
420.04,2.300e+5,,2.300e+5
420.09,5.305e+5,,5.305e+5
420.14,1.190e+6,,1.190e+6
420.19,2.593e+6,,2.593e+6
420.24,5.497e+6,,5.497e+6
420.29,1.133e+7,,1.133e+7
420.34,2.270e+7,,2.270e+7
420.39,4.422e+7,,4.422e+7
420.44,8.375e+7,,8.375e+7
420.49,1.542e+8,,1.542e+8
420.54,2.761e+8,,2.761e+8
420.59,4.806e+8,,4.806e+8
420.64,8.134e+8,,8.134e+8
420.69,1.338e+9,,1.338e+9
420.74,2.141e+9,,2.141e+9
420.79,3.330e+9,,3.330e+9
420.84,5.037e+9,,5.037e+9
420.89,7.405e+9,,7.405e+9
420.94,1.059e+10,,1.059e+10
420.99,1.471e+10,,1.471e+10
421.04,1.988e+10,,1.988e+10
421.09,2.612e+10,,2.612e+10
421.14,3.336e+10,,3.336e+10
421.19,4.144e+10,,4.144e+10
421.24,5.003e+10,,5.003e+10
421.29,5.873e+10,,5.873e+10
421.34,6.704e+10,,6.704e+10
421.39,7.439e+10,,7.439e+10
421.44,8.027e+10,,8.027e+10
421.49,8.420e+10,,8.420e+10
421.54,8.587e+10,,8.587e+10
421.59,8.515e+10,,8.515e+10
421.64,8.209e+10,,8.209e+10
421.69,7.695e+10,,7.695e+10
421.74,7.013e+10,,7.013e+10
421.79,6.213e+10,,6.213e+10
421.84,5.353e+10,,5.353e+10
421.89,4.483e+10,,4.483e+10
421.94,3.651e+10,,3.651e+10
421.99,2.890e+10,,2.890e+10
422.04,2.225e+10,,2.225e+10
422.09,1.665e+10,,1.665e+10
422.14,1.212e+10,,1.212e+10
422.19,8.572e+9,,8.572e+9
422.24,5.896e+9,,5.896e+9
422.29,3.943e+9,,3.943e+9
422.34,2.564e+9,,2.564e+9
422.39,1.621e+9,,1.621e+9
422.44,9.961e+8,,9.961e+8
422.49,5.952e+8,,5.952e+8
422.54,3.458e+8,,3.458e+8
422.59,1.953e+8,,1.953e+8
422.64,1.073e+8,,1.073e+8
422.69,5.728e+7,,5.728e+7
422.74,2.974e+7,1.800e-9,2.974e+7
422.79,1.501e+7,7.272e-9,1.501e+7
422.84,7.366e+6,2.857e-8,7.366e+6
422.89,3.514e+6,1.092e-7,3.514e+6
422.94,1.630e+6,4.059e-7,1.630e+6
422.99,7.353e+5,1.468e-6,7.353e+5
423.04,3.224e+5,5.163e-6,3.224e+5
423.09,1.375e+5,1.767e-5,1.375e+5
423.14,5.698e+4,5.880e-5,5.698e+4
423.19,2.296e+4,1.904e-4,2.296e+4
423.24,8.997e+3,5.996e-4,8.997e+3
423.29,3.427e+3,1.837e-3,3.427e+3
423.34,1.269e+3,5.474e-3,1.269e+3
423.39,4.572e+2,1.587e-2,4.571e+2
423.44,1.601e+2,4.474e-2,1.601e+2
423.49,5.461e+1,1.227e-1,5.448e+1
423.54,1.836e+1,3.274e-1,1.803e+1
423.59,6.652e+0,8.497e-1,5.802e+0
423.64,3.960e+0,2.145e+0,1.815e+0
423.69,5.820e+0,5.268e+0,5.521e-1
423.74,1.275e+1,1.258e+1,1.633e-1
423.79,2.928e+1,2.924e+1,4.695e-2
423.84,6.610e+1,6.609e+1,1.312e-2
423.89,1.453e+2,1.453e+2,3.567e-3
423.94,3.107e+2,3.107e+2,9.426e-4
423.99,6.465e+2,6.465e+2,2.422e-4
424.04,1.308e+3,1.308e+3,6.049e-5
424.09,2.575e+3,2.575e+3,1.469e-5
424.14,4.931e+3,4.931e+3,
424.19,9.185e+3,9.185e+3,
424.24,1.664e+4,1.664e+4,
424.29,2.933e+4,2.933e+4,
424.34,5.028e+4,5.028e+4,
424.39,8.385e+4,8.385e+4,
424.44,1.360e+5,1.360e+5,
424.49,2.146e+5,2.146e+5,
424.54,3.294e+5,3.294e+5,
424.59,4.919e+5,4.919e+5,
424.64,7.144e+5,7.144e+5,
424.69,1.009e+6,1.009e+6,
424.74,1.387e+6,1.387e+6,
424.79,1.854e+6,1.854e+6,
424.84,2.411e+6,2.411e+6,
424.89,3.049e+6,3.049e+6,
424.94,3.752e+6,3.752e+6,
424.99,4.490e+6,4.490e+6,
425.04,5.228e+6,5.228e+6,
425.09,5.920e+6,5.920e+6,
425.14,6.521e+6,6.521e+6,
425.19,6.988e+6,6.988e+6,
425.24,7.284e+6,7.284e+6,
425.29,7.385e+6,7.385e+6,
425.34,7.284e+6,7.284e+6,
425.39,6.988e+6,6.988e+6,
425.44,6.521e+6,6.521e+6,
425.49,5.920e+6,5.920e+6,
425.54,5.228e+6,5.228e+6,
425.59,4.490e+6,4.490e+6,
425.64,3.752e+6,3.752e+6,
425.69,3.049e+6,3.049e+6,
425.74,2.411e+6,2.411e+6,
425.79,1.854e+6,1.854e+6,
425.84,1.387e+6,1.387e+6,
425.89,1.009e+6,1.009e+6,
425.94,7.144e+5,7.144e+5,
425.99,4.919e+5,4.919e+5,
426.04,3.294e+5,3.294e+5,
426.09,2.146e+5,2.146e+5,
426.14,1.360e+5,1.360e+5,
426.19,8.385e+4,8.385e+4,
426.24,5.028e+4,5.028e+4,
426.29,2.933e+4,2.933e+4,
426.34,1.664e+4,1.664e+4,
426.39,9.185e+3,9.185e+3,
426.44,4.931e+3,4.931e+3,
426.49,2.575e+3,2.575e+3,
426.54,1.308e+3,1.308e+3,
426.59,6.465e+2,6.465e+2,
426.64,3.107e+2,3.107e+2,
426.69,1.453e+2,1.453e+2,
426.74,6.609e+1,6.609e+1,
426.79,2.924e+1,2.924e+1,
426.84,1.258e+1,1.258e+1,
426.89,5.268e+0,5.268e+0,
426.94,2.145e+0,2.145e+0,
426.99,8.497e-1,8.497e-1,
427.04,3.274e-1,3.274e-1,
427.09,1.227e-1,1.227e-1,
427.14,4.474e-2,4.474e-2,
427.19,1.587e-2,1.587e-2,
427.24,5.474e-3,5.474e-3,
427.29,1.837e-3,1.837e-3,
427.34,5.996e-4,5.996e-4,
427.39,1.904e-4,1.904e-4,
427.44,5.880e-5,5.880e-5,
427.49,1.767e-5,1.767e-5,
427.54,5.163e-6,5.163e-6,
427.59,1.468e-6,1.468e-6,
427.64,4.059e-7,4.059e-7,
427.69,1.092e-7,1.092e-7,
427.74,2.857e-8,2.857e-8,
427.79,7.272e-9,7.272e-9,
427.84,1.800e-9,1.800e-9,
427.94,6.664e-7,,6.664e-7
427.99,2.673e-6,,2.673e-6
428.04,1.044e-5,,1.044e-5
428.09,3.967e-5,,3.967e-5
428.14,1.468e-4,,1.468e-4
428.19,5.285e-4,,5.285e-4
428.24,1.853e-3,,1.853e-3
428.29,6.321e-3,,6.321e-3
428.34,2.099e-2,,2.099e-2
428.39,6.787e-2,,6.787e-2
428.44,2.136e-1,,2.136e-1
428.49,6.541e-1,,6.541e-1
428.54,1.950e+0,,1.950e+0
428.59,5.660e+0,,5.660e+0
428.64,1.599e+1,,1.599e+1
428.69,4.396e+1,,4.396e+1
428.74,1.177e+2,1.563e-9,1.177e+2
428.79,3.066e+2,6.172e-9,3.066e+2
428.84,7.775e+2,2.372e-8,7.775e+2
428.89,1.919e+3,8.878e-8,1.919e+3
428.94,4.611e+3,3.234e-7,4.611e+3
428.99,1.079e+4,1.147e-6,1.079e+4
429.04,2.455e+4,3.960e-6,2.455e+4
429.09,5.441e+4,1.331e-5,5.441e+4
429.14,1.174e+5,4.353e-5,1.174e+5
429.19,2.464e+5,1.386e-4,2.464e+5
429.24,5.036e+5,4.299e-4,5.036e+5
429.29,1.002e+6,1.297e-3,1.002e+6
429.34,1.940e+6,3.812e-3,1.940e+6
429.39,3.657e+6,1.090e-2,3.657e+6
429.44,6.710e+6,3.036e-2,6.710e+6
429.49,1.198e+7,8.228e-2,1.198e+7
429.54,2.083e+7,2.171e-1,2.083e+7
429.59,3.525e+7,5.577e-1,3.525e+7
429.64,5.806e+7,1.394e+0,5.806e+7
429.69,9.308e+7,3.394e+0,9.308e+7
429.74,1.453e+8,8.044e+0,1.453e+8
429.79,2.207e+8,1.856e+1,2.207e+8
429.84,3.263e+8,4.167e+1,3.263e+8
429.89,4.696e+8,9.109e+1,4.696e+8
429.94,6.579e+8,1.939e+2,6.579e+8
429.99,8.971e+8,4.016e+2,8.971e+8
430.04,1.191e+9,8.100e+2,1.191e+9
430.09,1.539e+9,1.590e+3,1.539e+9
430.14,1.935e+9,3.039e+3,1.935e+9
430.19,2.369e+9,5.654e+3,2.369e+9
430.24,2.823e+9,1.024e+4,2.823e+9
430.29,3.275e+9,1.806e+4,3.275e+9
430.34,3.697e+9,3.099e+4,3.697e+9
430.39,4.063e+9,5.178e+4,4.063e+9
430.44,4.347e+9,8.423e+4,4.347e+9
430.49,4.526e+9,1.334e+5,4.526e+9
430.54,4.588e+9,2.056e+5,4.588e+9
430.59,4.526e+9,3.085e+5,4.526e+9
430.64,4.347e+9,4.506e+5,4.347e+9
430.69,4.064e+9,6.408e+5,4.063e+9
430.74,3.698e+9,8.871e+5,3.697e+9
430.79,3.276e+9,1.195e+6,3.275e+9
430.84,2.825e+9,1.568e+6,2.823e+9
430.89,2.371e+9,2.003e+6,2.369e+9
430.94,1.938e+9,2.490e+6,1.935e+9
430.99,1.542e+9,3.014e+6,1.539e+9
431.04,1.194e+9,3.550e+6,1.191e+9
431.09,9.012e+8,4.072e+6,8.971e+8
431.14,6.624e+8,4.546e+6,6.579e+8
431.19,4.745e+8,4.941e+6,4.696e+8
431.24,3.315e+8,5.228e+6,3.263e+8
431.29,2.260e+8,5.385e+6,2.207e+8
431.34,1.507e+8,5.400e+6,1.453e+8
431.39,9.835e+7,5.271e+6,9.308e+7
431.44,6.307e+7,5.009e+6,5.806e+7
431.49,3.988e+7,4.635e+6,3.525e+7
431.54,2.501e+7,4.176e+6,2.083e+7
431.59,1.565e+7,3.664e+6,1.198e+7
431.64,9.843e+6,3.133e+6,6.710e+6
431.69,6.271e+6,2.614e+6,3.657e+6
431.74,4.072e+6,2.132e+6,1.940e+6
431.79,2.709e+6,1.707e+6,1.002e+6
431.84,1.856e+6,1.352e+6,5.036e+5
431.89,1.322e+6,1.076e+6,2.464e+5
431.94,9.973e+5,8.799e+5,1.174e+5
431.99,8.180e+5,7.636e+5,5.441e+4
432.04,7.477e+5,7.231e+5,2.455e+4
432.09,7.640e+5,7.532e+5,1.079e+4
432.14,8.516e+5,8.470e+5,4.611e+3
432.19,9.983e+5,9.964e+5,1.919e+3
432.24,1.192e+6,1.191e+6,7.775e+2
432.29,1.421e+6,1.420e+6,3.066e+2
432.34,1.669e+6,1.669e+6,1.177e+2
432.39,1.921e+6,1.921e+6,4.396e+1
432.44,2.160e+6,2.160e+6,1.599e+1
432.49,2.368e+6,2.368e+6,5.660e+0
432.54,2.529e+6,2.529e+6,1.950e+0
432.59,2.632e+6,2.632e+6,6.541e-1
432.64,2.667e+6,2.667e+6,2.136e-1
432.69,2.631e+6,2.631e+6,6.787e-2
432.74,2.528e+6,2.528e+6,2.099e-2
432.79,2.364e+6,2.364e+6,6.321e-3
432.84,2.153e+6,2.153e+6,1.853e-3
432.89,1.909e+6,1.909e+6,5.285e-4
432.94,1.649e+6,1.649e+6,1.468e-4
432.99,1.386e+6,1.386e+6,3.967e-5
433.04,1.134e+6,1.134e+6,1.044e-5
433.09,9.038e+5,9.038e+5,2.673e-6
433.14,7.013e+5,7.013e+5,6.664e-7
433.19,5.297e+5,5.297e+5,
433.24,3.896e+5,3.896e+5,
433.29,2.790e+5,2.790e+5,
433.34,1.946e+5,1.946e+5,
433.39,1.321e+5,1.321e+5,
433.44,8.730e+4,8.730e+4,
433.49,5.618e+4,5.618e+4,
433.54,3.520e+4,3.520e+4,
433.59,2.148e+4,2.148e+4,
433.64,1.276e+4,1.276e+4,
433.69,7.378e+3,7.378e+3,
433.74,4.154e+3,4.154e+3,
433.79,2.278e+3,2.278e+3,
433.84,1.216e+3,1.216e+3,
433.89,6.319e+2,6.319e+2,
433.94,3.198e+2,3.198e+2,
433.99,1.575e+2,1.575e+2,
434.04,7.557e+1,7.557e+1,
434.09,3.530e+1,3.530e+1,
434.14,1.605e+1,1.605e+1,
434.19,7.116e+0,7.116e+0,
434.24,3.090e+0,3.090e+0,
434.29,1.356e+0,1.356e+0,
434.34,7.115e-1,7.115e-1,
434.39,6.893e-1,6.893e-1,
434.44,1.289e+0,1.289e+0,
434.49,2.990e+0,2.990e+0,
434.54,7.076e+0,7.076e+0,
434.59,1.643e+1,1.643e+1,
434.64,3.719e+1,3.719e+1,
434.69,8.204e+1,8.204e+1,
434.74,1.763e+2,1.763e+2,
434.79,3.689e+2,3.689e+2,
434.84,7.520e+2,7.520e+2,
434.89,1.493e+3,1.493e+3,
434.94,2.888e+3,2.888e+3,
434.99,5.441e+3,5.441e+3,
435.04,9.985e+3,9.985e+3,
435.09,1.785e+4,1.785e+4,
435.14,3.108e+4,3.108e+4,
435.19,5.271e+4,5.271e+4,
435.24,8.707e+4,8.707e+4,
435.29,1.401e+5,1.401e+5,
435.34,2.196e+5,2.196e+5,
435.39,3.353e+5,3.353e+5,
435.44,4.986e+5,4.986e+5,
435.49,7.223e+5,7.223e+5,
435.54,1.019e+6,1.019e+6,
435.59,1.401e+6,1.401e+6,
435.64,1.875e+6,1.875e+6,
435.69,2.445e+6,2.445e+6,
435.74,3.106e+6,3.106e+6,
435.79,3.843e+6,3.843e+6,
435.84,4.631e+6,4.631e+6,
435.89,5.436e+6,5.436e+6,
435.94,6.216e+6,6.216e+6,
435.99,6.923e+6,6.923e+6,
436.04,7.511e+6,7.511e+6,
436.09,7.937e+6,7.937e+6,
436.14,8.170e+6,8.170e+6,
436.19,8.192e+6,8.192e+6,
436.24,8.000e+6,8.000e+6,
436.29,7.610e+6,7.610e+6,
436.34,7.052e+6,7.052e+6,
436.39,6.365e+6,6.365e+6,
436.44,5.596e+6,5.596e+6,
436.49,4.792e+6,4.792e+6,
436.54,3.997e+6,3.997e+6,
436.59,3.248e+6,3.248e+6,
436.64,2.570e+6,2.570e+6,
436.69,1.982e+6,1.982e+6,
436.74,1.488e+6,1.488e+6,
436.79,1.088e+6,1.088e+6,
436.84,7.754e+5,7.754e+5,
436.89,5.381e+5,5.381e+5,
436.94,3.637e+5,3.637e+5,
436.99,2.395e+5,2.395e+5,
437.04,1.536e+5,1.536e+5,
437.09,9.596e+4,9.596e+4,
437.14,5.840e+4,5.840e+4,
437.19,3.461e+4,3.461e+4,
437.24,1.998e+4,1.998e+4,
437.29,1.124e+4,1.124e+4,
437.34,6.157e+3,6.157e+3,
437.39,3.285e+3,3.285e+3,
437.44,1.707e+3,1.707e+3,
437.49,8.644e+2,8.644e+2,
437.54,4.263e+2,4.263e+2,
437.59,2.047e+2,2.047e+2,
437.64,9.580e+1,9.580e+1,
437.69,4.366e+1,4.366e+1,
437.74,1.938e+1,1.938e+1,
437.79,8.380e+0,8.380e+0,
437.84,3.530e+0,3.530e+0,
437.89,1.448e+0,1.448e+0,
437.94,5.787e-1,5.787e-1,
437.99,2.253e-1,2.253e-1,
438.04,8.541e-2,8.541e-2,
438.09,3.154e-2,3.154e-2,
438.14,1.135e-2,1.135e-2,
438.19,3.978e-3,3.978e-3,
438.24,1.361e-3,1.361e-3,
438.29,4.649e-4,4.649e-4,
438.34,1.906e-4,1.906e-4,
438.39,1.867e-4,1.867e-4,
438.44,4.474e-4,4.474e-4,
438.49,1.305e-3,1.305e-3,
438.54,3.810e-3,3.810e-3,
438.59,1.087e-2,1.087e-2,
438.64,3.021e-2,3.021e-2,
438.69,8.185e-2,8.185e-2,
438.74,2.161e-1,2.161e-1,
438.79,5.562e-1,5.562e-1,
438.84,1.395e+0,1.395e+0,6.533e-9
438.89,3.410e+0,3.410e+0,2.499e-8
438.94,8.122e+0,8.122e+0,9.318e-8
438.99,1.885e+1,1.885e+1,3.386e-7
439.04,4.266e+1,4.266e+1,1.199e-6
439.09,9.406e+1,9.406e+1,4.141e-6
439.14,2.021e+2,2.021e+2,1.393e-5
439.19,4.233e+2,4.233e+2,4.570e-5
439.24,8.640e+2,8.640e+2,1.461e-4
439.29,1.719e+3,1.719e+3,4.551e-4
439.34,3.331e+3,3.331e+3,1.382e-3
439.39,6.294e+3,6.294e+3,4.091e-3
439.44,1.159e+4,1.159e+4,1.180e-2
439.49,2.079e+4,2.079e+4,3.318e-2
439.54,3.636e+4,3.636e+4,9.094e-2
439.59,6.197e+4,6.197e+4,2.429e-1
439.64,1.029e+5,1.029e+5,6.324e-1
439.69,1.666e+5,1.666e+5,1.605e+0
439.74,2.629e+5,2.629e+5,3.969e+0
439.79,4.041e+5,4.041e+5,9.568e+0
439.84,6.056e+5,6.055e+5,2.248e+1
439.89,8.843e+5,8.843e+5,5.148e+1
439.94,1.259e+6,1.258e+6,1.149e+2
439.99,1.746e+6,1.745e+6,2.500e+2
440.04,2.360e+6,2.359e+6,5.301e+2
440.09,3.109e+6,3.108e+6,1.096e+3
440.14,3.992e+6,3.990e+6,2.207e+3
440.19,4.996e+6,4.992e+6,4.334e+3
440.24,6.095e+6,6.087e+6,8.293e+3
440.29,7.249e+6,7.233e+6,1.547e+4
440.34,8.405e+6,8.377e+6,2.812e+4
440.39,9.505e+6,9.455e+6,4.983e+4
440.44,1.049e+7,1.040e+7,8.605e+4
440.49,1.129e+7,1.115e+7,1.449e+5
440.54,1.189e+7,1.165e+7,2.377e+5
440.59,1.224e+7,1.186e+7,3.800e+5
440.64,1.236e+7,1.177e+7,5.923e+5
440.69,1.228e+7,1.138e+7,8.999e+5
440.74,1.206e+7,1.073e+7,1.332e+6
440.79,1.178e+7,9.853e+6,1.923e+6
440.84,1.152e+7,8.820e+6,2.705e+6
440.89,1.140e+7,7.694e+6,3.708e+6
440.94,1.150e+7,6.542e+6,4.955e+6
440.99,1.187e+7,5.421e+6,6.454e+6
441.04,1.257e+7,4.377e+6,8.192e+6
441.09,1.358e+7,3.445e+6,1.014e+7
441.14,1.487e+7,2.642e+6,1.222e+7
441.19,1.634e+7,1.975e+6,1.437e+7
441.24,1.790e+7,1.439e+6,1.646e+7
441.29,1.940e+7,1.021e+6,1.838e+7
441.34,2.071e+7,7.067e+5,2.000e+7
441.39,2.170e+7,4.766e+5,2.122e+7
441.44,2.225e+7,3.132e+5,2.194e+7
441.49,2.231e+7,2.006e+5,2.211e+7
441.54,2.184e+7,1.252e+5,2.172e+7
441.59,2.086e+7,7.615e+4,2.079e+7
441.64,1.944e+7,4.515e+4,1.940e+7
441.69,1.767e+7,2.608e+4,1.764e+7
441.74,1.565e+7,1.469e+4,1.564e+7
441.79,1.352e+7,8.059e+3,1.351e+7
441.84,1.138e+7,4.310e+3,1.138e+7
441.89,9.340e+6,2.247e+3,9.338e+6
441.94,7.471e+6,1.141e+3,7.470e+6
441.99,5.825e+6,5.656e+2,5.824e+6
442.04,4.426e+6,2.744e+2,4.426e+6
442.09,3.279e+6,1.326e+2,3.279e+6
442.14,2.367e+6,6.935e+1,2.367e+6
442.19,1.666e+6,5.061e+1,1.666e+6
442.24,1.142e+6,6.596e+1,1.142e+6
442.29,7.637e+5,1.238e+2,7.636e+5
442.34,4.978e+5,2.547e+2,4.975e+5
442.39,3.165e+5,5.245e+2,3.159e+5
442.44,1.966e+5,1.058e+3,1.956e+5
442.49,1.201e+5,2.084e+3,1.180e+5
442.54,7.337e+4,4.001e+3,6.937e+4
442.59,4.725e+4,7.490e+3,3.976e+4
442.64,3.588e+4,1.367e+4,2.221e+4
442.69,3.642e+4,2.432e+4,1.209e+4
442.74,4.861e+4,4.220e+4,6.417e+3
442.79,7.468e+4,7.137e+4,3.319e+3
442.84,1.193e+5,1.177e+5,1.673e+3
442.89,1.900e+5,1.892e+5,8.221e+2
442.94,2.969e+5,2.965e+5,3.937e+2
442.99,4.532e+5,4.530e+5,1.838e+2
443.04,6.749e+5,6.748e+5,8.361e+1
443.09,9.801e+5,9.801e+5,3.707e+1
443.14,1.388e+6,1.388e+6,1.602e+1
443.19,1.916e+6,1.916e+6,6.750e+0
443.24,2.578e+6,2.578e+6,2.772e+0
443.29,3.383e+6,3.383e+6,1.109e+0
443.34,4.327e+6,4.327e+6,4.326e-1
443.39,5.397e+6,5.397e+6,1.645e-1
443.44,6.562e+6,6.562e+6,6.094e-2
443.49,7.778e+6,7.778e+6,2.201e-2
443.54,8.989e+6,8.989e+6,7.748e-3
443.59,1.013e+7,1.013e+7,2.658e-3
443.64,1.113e+7,1.113e+7,8.890e-4
443.69,1.191e+7,1.191e+7,2.898e-4
443.74,1.244e+7,1.244e+7,9.205e-5
443.79,1.266e+7,1.266e+7,2.850e-5
443.84,1.257e+7,1.257e+7,8.602e-6
443.89,1.216e+7,1.216e+7,2.530e-6
443.94,1.147e+7,1.147e+7,7.255e-7
443.99,1.055e+7,1.055e+7,2.027e-7
444.04,9.457e+6,9.457e+6,5.521e-8
444.09,8.267e+6,8.267e+6,1.466e-8
444.14,7.045e+6,7.045e+6,3.793e-9
444.19,5.853e+6,5.853e+6,
444.24,4.741e+6,4.741e+6,
444.29,3.744e+6,3.744e+6,
444.34,2.883e+6,2.883e+6,
444.39,2.164e+6,2.164e+6,
444.44,1.583e+6,1.583e+6,
444.49,1.130e+6,1.130e+6,
444.54,7.858e+5,7.858e+5,
444.59,5.329e+5,5.329e+5,
444.64,3.523e+5,3.523e+5,
444.69,2.271e+5,2.271e+5,
444.74,1.427e+5,1.427e+5,
444.79,8.744e+4,8.744e+4,
444.84,5.223e+4,5.223e+4,
444.89,3.041e+4,3.041e+4,
444.94,1.727e+4,1.727e+4,
444.99,9.557e+3,9.557e+3,
445.04,5.157e+3,5.157e+3,
445.09,2.713e+3,2.713e+3,
445.14,1.392e+3,1.392e+3,
445.19,6.959e+2,6.959e+2,
445.24,3.393e+2,3.393e+2,
445.29,1.613e+2,1.613e+2,
445.34,7.473e+1,7.473e+1,
445.39,3.376e+1,3.376e+1,
445.44,1.487e+1,1.487e+1,
445.49,6.385e+0,6.385e+0,
445.54,2.673e+0,2.673e+0,
445.59,1.091e+0,1.091e+0,
445.64,4.342e-1,4.342e-1,
445.69,1.684e-1,1.684e-1,
445.74,6.373e-2,6.373e-2,
445.79,2.356e-2,2.356e-2,
445.84,8.667e-3,8.667e-3,
445.89,3.618e-3,3.618e-3,
445.94,2.918e-3,2.918e-3,
445.99,5.724e-3,5.724e-3,
446.04,1.496e-2,1.496e-2,
446.09,3.994e-2,3.994e-2,
446.14,1.046e-1,1.046e-1,
446.19,2.676e-1,2.676e-1,
446.24,6.674e-1,6.674e-1,
446.29,1.624e+0,1.624e+0,
446.34,3.854e+0,3.854e+0,
446.39,8.921e+0,8.921e+0,
446.44,2.014e+1,2.014e+1,
446.49,4.436e+1,4.436e+1,
446.54,9.529e+1,9.529e+1,
446.59,1.997e+2,1.997e+2,
446.64,4.081e+2,4.081e+2,
446.69,8.135e+2,8.135e+2,
446.74,1.582e+3,1.582e+3,
446.79,3.000e+3,3.000e+3,
446.84,5.551e+3,5.551e+3,
446.89,1.002e+4,1.002e+4,
446.94,1.763e+4,1.763e+4,
446.99,3.027e+4,3.027e+4,
447.04,5.068e+4,5.068e+4,
447.09,8.278e+4,8.278e+4,
447.14,1.319e+5,1.319e+5,
447.19,2.050e+5,2.050e+5,
447.24,3.107e+5,3.107e+5,
447.29,4.593e+5,4.593e+5,
447.34,6.624e+5,6.624e+5,
447.39,9.318e+5,9.318e+5,
447.44,1.278e+6,1.278e+6,
447.49,1.711e+6,1.711e+6,
447.54,2.234e+6,2.234e+6,
447.59,2.844e+6,2.844e+6,
447.64,3.532e+6,3.532e+6,
447.7,4.433e+6,4.433e+6,
447.75,5.212e+6,5.212e+6,
447.8,5.977e+6,5.977e+6,
447.85,6.686e+6,6.686e+6,
447.9,7.294e+6,7.294e+6,
447.95,7.763e+6,7.763e+6,
448,8.059e+6,8.059e+6,
448.05,8.160e+6,8.160e+6,
448.1,8.059e+6,8.059e+6,
448.15,7.763e+6,7.763e+6,
448.2,7.294e+6,7.294e+6,
448.25,6.686e+6,6.686e+6,
448.3,5.977e+6,5.977e+6,
448.35,5.212e+6,5.212e+6,
448.4,4.433e+6,4.433e+6,
448.45,3.677e+6,3.677e+6,
448.5,2.976e+6,2.976e+6,
448.55,2.349e+6,2.349e+6,
448.6,1.808e+6,1.808e+6,
448.65,1.358e+6,1.358e+6,
448.7,9.946e+5,9.946e+5,
448.75,7.106e+5,7.106e+5,
448.8,4.952e+5,4.952e+5,
448.85,3.366e+5,3.366e+5,
448.9,2.232e+5,2.232e+5,
448.95,1.443e+5,1.443e+5,
449,9.105e+4,9.105e+4,
449.05,5.602e+4,5.602e+4,
449.1,3.362e+4,3.362e+4,
449.15,1.968e+4,1.968e+4,
449.2,1.124e+4,1.124e+4,
449.25,6.259e+3,6.259e+3,
449.3,3.400e+3,3.400e+3,
449.35,1.802e+3,1.802e+3,
449.4,9.311e+2,9.311e+2,
449.45,4.694e+2,4.694e+2,
449.5,2.308e+2,2.308e+2,
449.55,1.107e+2,1.107e+2,
449.6,5.179e+1,5.179e+1,
449.65,2.363e+1,2.363e+1,
449.7,1.052e+1,1.052e+1,
449.75,4.567e+0,4.567e+0,
449.8,1.934e+0,1.934e+0,
449.85,7.989e-1,7.989e-1,
449.9,3.219e-1,3.219e-1,
449.95,1.265e-1,1.265e-1,
450,4.849e-2,4.849e-2,
450.05,1.813e-2,1.813e-2,
450.1,6.611e-3,6.611e-3,
450.15,2.352e-3,2.352e-3,
450.2,8.160e-4,8.160e-4,
450.25,2.762e-4,2.762e-4,
450.3,9.116e-5,9.116e-5,
450.35,2.935e-5,2.935e-5,
450.4,9.219e-6,9.219e-6,
450.45,2.824e-6,2.824e-6,
450.5,8.439e-7,8.439e-7,
450.55,2.460e-7,2.460e-7,
450.6,6.992e-8,6.992e-8,
450.65,1.939e-8,1.939e-8,
450.7,5.244e-9,5.244e-9,
450.75,1.384e-9,1.384e-9,
457.95,1.653e-7,1.653e-7,
458,6.053e-7,6.053e-7,
458.05,2.165e-6,2.165e-6,
458.1,7.561e-6,7.561e-6,
458.15,2.580e-5,2.580e-5,
458.2,8.596e-5,8.596e-5,
458.25,2.798e-4,2.798e-4,
458.3,8.893e-4,8.893e-4,
458.35,2.761e-3,2.761e-3,
458.4,8.373e-3,8.373e-3,
458.45,2.480e-2,2.480e-2,
458.5,7.175e-2,7.175e-2,
458.55,2.027e-1,2.027e-1,
458.6,5.596e-1,5.596e-1,
458.65,1.508e+0,1.508e+0,
458.7,3.971e+0,3.971e+0,
458.75,1.021e+1,1.021e+1,
458.8,2.565e+1,2.565e+1,
458.85,6.293e+1,6.293e+1,
458.9,1.508e+2,1.508e+2,
458.95,3.529e+2,3.529e+2,
459,8.067e+2,8.067e+2,
459.05,1.801e+3,1.801e+3,
459.1,3.928e+3,3.928e+3,
459.15,8.366e+3,8.366e+3,
459.2,1.740e+4,1.740e+4,
459.25,3.536e+4,3.536e+4,
459.3,7.018e+4,7.018e+4,
459.35,1.360e+5,1.360e+5,
459.4,2.576e+5,2.576e+5,
459.45,4.763e+5,4.763e+5,
459.5,8.603e+5,8.603e+5,
459.55,1.518e+6,1.518e+6,
459.6,2.615e+6,2.615e+6,
459.65,4.401e+6,4.401e+6,
459.7,7.235e+6,7.235e+6,
459.75,1.162e+7,1.162e+7,
459.8,1.821e+7,1.821e+7,
459.85,2.790e+7,2.790e+7,
459.9,4.173e+7,4.173e+7,
459.95,6.098e+7,6.098e+7,
460,8.703e+7,8.703e+7,
460.05,1.213e+8,1.213e+8,
460.1,1.652e+8,1.652e+8,
460.15,2.196e+8,2.196e+8,
460.2,2.852e+8,2.852e+8,
460.25,3.619e+8,3.619e+8,
460.3,4.484e+8,4.484e+8,
460.35,5.426e+8,5.426e+8,
460.4,6.414e+8,6.414e+8,
460.45,7.405e+8,7.405e+8,
460.5,8.350e+8,8.350e+8,
460.55,9.196e+8,9.196e+8,
460.6,9.893e+8,9.893e+8,
460.65,1.039e+9,1.039e+9,
460.7,1.067e+9,1.067e+9,
460.75,1.069e+9,1.069e+9,
460.8,1.047e+9,1.047e+9,
460.85,1.001e+9,1.001e+9,
460.9,9.349e+8,9.349e+8,
460.95,8.529e+8,8.529e+8,
461,7.599e+8,7.599e+8,
461.05,6.613e+8,6.613e+8,
461.1,5.621e+8,5.621e+8,
461.15,4.667e+8,4.667e+8,
461.2,3.784e+8,3.784e+8,
461.25,2.997e+8,2.997e+8,
461.3,2.318e+8,2.318e+8,
461.35,1.752e+8,1.752e+8,
461.4,1.293e+8,1.293e+8,
461.45,9.318e+7,9.318e+7,
461.5,6.560e+7,6.560e+7,
461.55,4.511e+7,4.511e+7,
461.6,3.029e+7,3.029e+7,
461.65,1.987e+7,1.987e+7,
461.7,1.273e+7,1.273e+7,
461.75,7.968e+6,7.968e+6,
461.8,4.870e+6,4.870e+6,
461.85,2.908e+6,2.908e+6,
461.9,1.695e+6,1.695e+6,
461.95,9.656e+5,9.656e+5,
462,5.371e+5,5.371e+5,
462.05,2.918e+5,2.918e+5,
462.1,1.549e+5,1.549e+5,
462.15,8.027e+4,8.027e+4,
462.2,4.064e+4,4.064e+4,
462.25,2.009e+4,2.009e+4,
462.3,9.704e+3,9.704e+3,
462.35,4.578e+3,4.578e+3,
462.4,2.109e+3,2.109e+3,
462.45,9.491e+2,9.491e+2,
462.5,4.172e+2,4.172e+2,
462.55,1.791e+2,1.791e+2,
462.6,7.509e+1,7.509e+1,
462.65,3.075e+1,3.075e+1,
462.7,1.230e+1,1.230e+1,
462.75,4.806e+0,4.806e+0,
462.8,1.834e+0,1.834e+0,
462.85,6.836e-1,6.836e-1,
462.9,2.489e-1,2.489e-1,
462.95,8.849e-2,8.849e-2,
463,3.073e-2,3.073e-2,
463.05,1.042e-2,1.042e-2,
463.1,3.454e-3,3.454e-3,
463.15,1.118e-3,1.118e-3,
463.2,3.532e-4,3.532e-4,
463.25,1.090e-4,1.090e-4,
463.3,3.288e-5,3.288e-5,
463.35,9.683e-6,9.683e-6,
463.4,2.785e-6,2.785e-6,
463.45,7.825e-7,7.825e-7,
463.5,2.147e-7,2.147e-7,
465,2.516e-9,2.516e-9,
465.05,9.065e-9,9.065e-9,
465.1,3.192e-8,3.192e-8,
465.15,1.098e-7,1.098e-7,
465.2,3.695e-7,3.695e-7,
465.25,1.215e-6,1.215e-6,
465.3,3.904e-6,3.904e-6,
465.35,1.226e-5,1.226e-5,
465.4,3.765e-5,3.765e-5,
465.45,1.130e-4,1.130e-4,
465.5,3.313e-4,3.313e-4,
465.55,9.499e-4,9.499e-4,
465.6,2.662e-3,2.662e-3,
465.65,7.289e-3,7.289e-3,
465.7,1.951e-2,1.951e-2,
465.75,5.105e-2,5.105e-2,
465.8,1.305e-1,1.305e-1,
465.85,3.263e-1,3.263e-1,
465.9,7.972e-1,7.972e-1,
465.95,1.904e+0,1.904e+0,
466,4.443e+0,4.443e+0,
466.05,1.013e+1,1.013e+1,
466.1,2.260e+1,2.260e+1,
466.15,4.925e+1,4.925e+1,
466.2,1.049e+2,1.049e+2,
466.25,2.184e+2,2.184e+2,
466.3,4.445e+2,4.445e+2,
466.35,8.841e+2,8.841e+2,
466.4,1.719e+3,1.719e+3,
466.45,3.266e+3,3.266e+3,
466.5,6.065e+3,6.065e+3,
466.55,1.101e+4,1.101e+4,
466.6,1.954e+4,1.954e+4,
466.65,3.388e+4,3.388e+4,
466.7,5.743e+4,5.743e+4,
466.75,9.515e+4,9.515e+4,
466.8,1.541e+5,1.541e+5,
466.85,2.439e+5,2.439e+5,
466.9,3.773e+5,3.773e+5,
466.95,5.705e+5,5.705e+5,
467,8.432e+5,8.432e+5,
467.05,1.218e+6,1.218e+6,
467.1,1.720e+6,1.720e+6,
467.15,2.373e+6,2.373e+6,
467.2,3.201e+6,3.201e+6,
467.25,4.221e+6,4.221e+6,
467.3,5.439e+6,5.439e+6,
467.35,6.851e+6,6.851e+6,
467.4,8.434e+6,8.434e+6,
467.45,1.015e+7,1.015e+7,
467.5,1.194e+7,1.194e+7,
467.55,1.372e+7,1.372e+7,
467.6,1.542e+7,1.542e+7,
467.65,1.693e+7,1.693e+7,
467.7,1.817e+7,1.817e+7,
467.75,1.906e+7,1.906e+7,
467.8,1.955e+7,1.955e+7,
467.85,1.959e+7,1.959e+7,
467.9,1.920e+7,1.920e+7,
467.95,1.838e+7,1.838e+7,
468,1.720e+7,1.720e+7,
468.05,1.574e+7,1.574e+7,
468.1,1.407e+7,1.407e+7,
468.15,1.229e+7,1.229e+7,
468.2,1.050e+7,1.050e+7,
468.25,8.768e+6,8.768e+6,
468.3,7.155e+6,7.155e+6,
468.35,5.706e+6,5.706e+6,
468.4,4.448e+6,4.448e+6,
468.45,3.390e+6,3.390e+6,
468.5,2.524e+6,2.524e+6,
468.55,1.838e+6,1.838e+6,
468.6,1.307e+6,1.307e+6,
468.65,9.092e+5,9.092e+5,
468.7,6.180e+5,6.180e+5,
468.75,4.106e+5,4.106e+5,
468.8,2.666e+5,2.666e+5,
468.85,1.692e+5,1.692e+5,
468.9,1.050e+5,1.050e+5,
468.95,6.365e+4,6.365e+4,
469,3.772e+4,3.772e+4,
469.05,2.185e+4,2.185e+4,
469.1,1.237e+4,1.237e+4,
469.15,6.846e+3,6.846e+3,
469.2,3.703e+3,3.703e+3,
469.25,1.958e+3,1.958e+3,
469.3,1.012e+3,1.012e+3,
469.35,5.109e+2,5.109e+2,
469.4,2.522e+2,2.522e+2,
469.45,1.217e+2,1.217e+2,
469.5,5.739e+1,5.739e+1,
469.55,2.646e+1,2.646e+1,
469.6,1.192e+1,1.192e+1,
469.65,5.249e+0,5.249e+0,
469.7,2.259e+0,2.259e+0,
469.75,9.505e-1,9.505e-1,
469.8,3.910e-1,3.910e-1,
469.85,1.576e-1,1.576e-1,
469.9,6.315e-2,6.315e-2,
469.95,2.774e-2,2.774e-2,
470,2.001e-2,2.001e-2,
470.05,3.315e-2,3.315e-2,
470.1,7.973e-2,7.973e-2,
470.15,2.023e-1,2.023e-1,
470.2,5.076e-1,5.076e-1,
470.25,1.247e+0,1.247e+0,
470.3,2.996e+0,2.996e+0,
470.35,7.040e+0,7.040e+0,
470.4,1.618e+1,1.618e+1,
470.45,3.634e+1,3.634e+1,
470.5,7.983e+1,7.983e+1,
470.55,1.715e+2,1.715e+2,
470.6,3.602e+2,3.602e+2,
470.65,7.398e+2,7.398e+2,
470.7,1.486e+3,1.486e+3,
470.75,2.918e+3,2.918e+3,
470.8,5.603e+3,5.603e+3,
470.85,1.052e+4,1.052e+4,
470.9,1.932e+4,1.932e+4,
470.95,3.468e+4,3.468e+4,
471,6.088e+4,6.088e+4,
471.05,1.045e+5,1.045e+5,
471.1,1.754e+5,1.754e+5,
471.15,2.880e+5,2.880e+5,
471.2,4.621e+5,4.621e+5,
471.25,7.253e+5,7.253e+5,
471.3,1.113e+6,1.113e+6,
471.35,1.670e+6,1.670e+6,
471.4,2.451e+6,2.451e+6,
471.45,3.516e+6,3.516e+6,
471.5,4.933e+6,4.933e+6,
471.55,6.767e+6,6.767e+6,
471.6,9.077e+6,9.077e+6,
471.65,1.191e+7,1.191e+7,
471.7,1.527e+7,1.527e+7,
471.75,1.915e+7,1.915e+7,
471.8,2.349e+7,2.349e+7,
471.85,2.816e+7,2.816e+7,
471.9,3.302e+7,3.302e+7,
471.95,3.786e+7,3.786e+7,
472,4.245e+7,4.245e+7,
472.05,4.654e+7,4.654e+7,
472.1,4.989e+7,4.989e+7,
472.15,5.229e+7,5.229e+7,
472.2,5.360e+7,5.360e+7,
472.25,5.372e+7,5.372e+7,
472.3,5.265e+7,5.265e+7,
472.35,5.045e+7,5.045e+7,
472.4,4.727e+7,4.727e+7,
472.45,4.332e+7,4.332e+7,
472.5,3.881e+7,3.881e+7,
472.55,3.400e+7,3.400e+7,
472.6,2.913e+7,2.913e+7,
472.65,2.440e+7,2.440e+7,
472.7,1.999e+7,1.999e+7,
472.75,1.601e+7,1.601e+7,
472.8,1.254e+7,1.254e+7,
472.85,9.612e+6,9.612e+6,
472.9,7.211e+6,7.211e+6,
472.95,5.302e+6,5.302e+6,
473,3.835e+6,3.835e+6,
473.05,2.750e+6,2.750e+6,
473.1,1.989e+6,1.989e+6,
473.15,1.502e+6,1.502e+6,
473.2,1.251e+6,1.251e+6,
473.25,1.212e+6,1.212e+6,
473.3,1.377e+6,1.377e+6,
473.35,1.751e+6,1.751e+6,
473.4,2.353e+6,2.353e+6,
473.45,3.211e+6,3.211e+6,
473.5,4.359e+6,4.359e+6,
473.55,5.828e+6,5.828e+6,
473.6,7.644e+6,7.644e+6,
473.65,9.819e+6,9.819e+6,
473.7,1.234e+7,1.234e+7,
473.75,1.517e+7,1.517e+7,
473.8,1.825e+7,1.825e+7,
473.85,2.146e+7,2.146e+7,
473.9,2.469e+7,2.469e+7,
473.95,2.778e+7,2.778e+7,
474,3.057e+7,3.057e+7,
474.05,3.290e+7,3.290e+7,
474.1,3.462e+7,3.462e+7,
474.15,3.564e+7,3.564e+7,
474.2,3.588e+7,3.588e+7,
474.25,3.533e+7,3.533e+7,
474.3,3.402e+7,3.402e+7,
474.35,3.205e+7,3.205e+7,
474.4,2.953e+7,2.953e+7,
474.45,2.662e+7,2.662e+7,
474.5,2.348e+7,2.348e+7,
474.55,2.028e+7,2.028e+7,
474.6,1.717e+7,1.717e+7,
474.65,1.427e+7,1.427e+7,
474.7,1.167e+7,1.167e+7,
474.75,9.453e+6,9.453e+6,
474.8,7.641e+6,7.641e+6,
474.85,6.248e+6,6.248e+6,
474.9,5.264e+6,5.264e+6,
474.95,4.663e+6,4.663e+6,
475,4.406e+6,4.406e+6,
475.05,4.448e+6,4.448e+6,
475.1,4.740e+6,4.740e+6,
475.15,5.226e+6,5.226e+6,
475.2,5.850e+6,5.850e+6,
475.25,6.553e+6,6.553e+6,
475.3,7.276e+6,7.276e+6,
475.35,7.962e+6,7.962e+6,
475.4,8.558e+6,8.558e+6,
475.45,9.019e+6,9.019e+6,
475.5,9.308e+6,9.308e+6,
475.55,9.404e+6,9.404e+6,
475.6,9.296e+6,9.296e+6,
475.65,8.991e+6,8.991e+6,
475.7,8.506e+6,8.506e+6,
475.75,7.872e+6,7.872e+6,
475.8,7.126e+6,7.126e+6,
475.85,6.310e+6,6.310e+6,
475.9,5.465e+6,5.465e+6,
475.95,4.630e+6,4.630e+6,
476,3.837e+6,3.837e+6,
476.05,3.110e+6,3.110e+6,
476.1,2.466e+6,2.466e+6,
476.15,1.912e+6,1.912e+6,
476.2,1.450e+6,1.450e+6,
476.25,1.076e+6,1.076e+6,
476.3,7.810e+5,7.810e+5,
476.35,5.544e+5,5.544e+5,
476.4,3.849e+5,3.849e+5,
476.45,2.614e+5,2.614e+5,
476.5,1.737e+5,1.737e+5,
476.55,1.128e+5,1.128e+5,
476.6,7.173e+4,7.173e+4,
476.65,4.461e+4,4.461e+4,
476.7,2.717e+4,2.717e+4,
476.75,1.624e+4,1.624e+4,
476.8,9.628e+3,9.628e+3,
476.85,5.836e+3,5.836e+3,
476.9,3.953e+3,3.953e+3,
476.95,3.512e+3,3.512e+3,
477,4.438e+3,4.438e+3,
477.05,7.056e+3,7.056e+3,
477.1,1.217e+4,1.217e+4,
477.15,2.124e+4,2.124e+4,
477.2,3.660e+4,3.660e+4,
477.25,6.189e+4,6.189e+4,
477.3,1.025e+5,1.025e+5,
477.35,1.661e+5,1.661e+5,
477.4,2.633e+5,2.633e+5,
477.45,4.084e+5,4.084e+5,
477.5,6.199e+5,6.199e+5,
477.55,9.205e+5,9.205e+5,
477.6,1.337e+6,1.337e+6,
477.65,1.901e+6,1.901e+6,
477.7,2.644e+6,2.644e+6,
477.75,3.597e+6,3.597e+6,
477.8,4.789e+6,4.789e+6,
477.85,6.238e+6,6.238e+6,
477.9,7.950e+6,7.950e+6,
477.95,9.912e+6,9.912e+6,
478,1.209e+7,1.209e+7,
478.05,1.443e+7,1.443e+7,
478.1,1.685e+7,1.685e+7,
478.15,1.926e+7,1.926e+7,
478.2,2.153e+7,2.153e+7,
478.25,2.354e+7,2.354e+7,
478.3,2.519e+7,2.519e+7,
478.35,2.637e+7,2.637e+7,
478.4,2.702e+7,2.702e+7,
478.45,2.707e+7,2.707e+7,
478.5,2.655e+7,2.655e+7,
478.56,2.519e+7,2.519e+7,
478.61,2.354e+7,2.354e+7,
478.66,2.153e+7,2.153e+7,
478.71,1.926e+7,1.926e+7,
478.76,1.685e+7,1.685e+7,
478.81,1.443e+7,1.443e+7,
478.86,1.209e+7,1.209e+7,
478.91,9.912e+6,9.912e+6,
478.96,7.950e+6,7.950e+6,
479.01,6.238e+6,6.238e+6,
479.06,4.789e+6,4.789e+6,
479.11,3.597e+6,3.597e+6,
479.16,2.644e+6,2.644e+6,
479.21,1.901e+6,1.901e+6,
479.26,1.337e+6,1.337e+6,
479.31,9.205e+5,9.205e+5,
479.36,6.200e+5,6.200e+5,
479.41,4.086e+5,4.086e+5,
479.46,2.636e+5,2.636e+5,
479.51,1.667e+5,1.667e+5,
479.56,1.038e+5,1.038e+5,
479.61,6.456e+4,6.456e+4,
479.66,4.182e+4,4.182e+4,
479.71,3.122e+4,3.122e+4,
479.76,3.087e+4,3.087e+4,
479.81,4.132e+4,4.132e+4,
479.86,6.590e+4,6.590e+4,
479.91,1.114e+5,1.114e+5,
479.96,1.893e+5,1.893e+5,
480.01,3.173e+5,3.173e+5,
480.06,5.220e+5,5.220e+5,
480.11,8.410e+5,8.410e+5,
480.16,1.326e+6,1.326e+6,
480.21,2.047e+6,2.047e+6,
480.26,3.092e+6,3.092e+6,
480.31,4.571e+6,4.571e+6,
480.36,6.613e+6,6.613e+6,
480.41,9.362e+6,9.362e+6,
480.46,1.297e+7,1.297e+7,
480.51,1.759e+7,1.759e+7,
480.56,2.334e+7,2.334e+7,
480.61,3.031e+7,3.031e+7,
480.66,3.852e+7,3.852e+7,
480.71,4.790e+7,4.790e+7,
480.76,5.831e+7,5.831e+7,
480.81,6.945e+7,6.945e+7,
480.86,8.096e+7,8.096e+7,
480.91,9.236e+7,9.236e+7,
480.96,1.031e+8,1.031e+8,
481.01,1.127e+8,1.127e+8,
481.06,1.205e+8,1.205e+8,
481.11,1.260e+8,1.260e+8,
481.16,1.291e+8,1.291e+8,
481.21,1.293e+8,1.293e+8,
481.26,1.269e+8,1.269e+8,
481.31,1.218e+8,1.218e+8,
481.36,1.144e+8,1.144e+8,
481.41,1.051e+8,1.051e+8,
481.46,9.458e+7,9.458e+7,
481.51,8.326e+7,8.326e+7,
481.56,7.174e+7,7.174e+7,
481.61,6.049e+7,6.049e+7,
481.66,4.991e+7,4.991e+7,
481.71,4.031e+7,4.031e+7,
481.76,3.185e+7,3.185e+7,
481.81,2.464e+7,2.464e+7,
481.86,1.866e+7,1.866e+7,
481.91,1.383e+7,1.383e+7,
481.96,1.005e+7,1.005e+7,
482.01,7.172e+6,7.172e+6,
482.06,5.047e+6,5.047e+6,
482.11,3.539e+6,3.539e+6,
482.16,2.526e+6,2.526e+6,
482.21,1.911e+6,1.911e+6,
482.26,1.621e+6,1.621e+6,
482.31,1.608e+6,1.608e+6,
482.36,1.846e+6,1.846e+6,
482.41,2.330e+6,2.330e+6,
482.46,3.065e+6,3.065e+6,
482.51,4.067e+6,4.067e+6,
482.56,5.353e+6,5.353e+6,
482.61,6.936e+6,6.936e+6,
482.66,8.819e+6,8.819e+6,
482.71,1.099e+7,1.099e+7,
482.76,1.340e+7,1.340e+7,
482.81,1.601e+7,1.601e+7,
482.86,1.872e+7,1.872e+7,
482.91,2.142e+7,2.142e+7,
482.96,2.400e+7,2.400e+7,
483.01,2.631e+7,2.631e+7,
483.06,2.824e+7,2.824e+7,
483.11,2.966e+7,2.966e+7,
483.16,3.050e+7,3.050e+7,
483.21,3.070e+7,3.070e+7,
483.26,3.024e+7,3.024e+7,
483.31,2.916e+7,2.916e+7,
483.36,2.752e+7,2.752e+7,
483.41,2.542e+7,2.542e+7,
483.46,2.299e+7,2.299e+7,
483.51,2.035e+7,2.035e+7,
483.56,1.763e+7,1.763e+7,
483.61,1.495e+7,1.495e+7,
483.66,1.241e+7,1.241e+7,
483.71,1.008e+7,1.008e+7,
483.76,8.016e+6,8.016e+6,
483.81,6.239e+6,6.239e+6,
483.86,4.754e+6,4.754e+6,
483.91,3.546e+6,3.546e+6,
483.96,2.589e+6,2.589e+6,
484.01,1.851e+6,1.851e+6,
484.06,1.297e+6,1.297e+6,
484.11,8.920e+5,8.920e+5,
484.16,6.055e+5,6.055e+5,
484.21,4.107e+5,4.107e+5,
484.26,2.870e+5,2.870e+5,
484.31,2.193e+5,2.193e+5,
484.36,1.989e+5,1.989e+5,
484.41,2.224e+5,2.224e+5,
484.46,2.925e+5,2.925e+5,
484.51,4.170e+5,4.170e+5,
484.56,6.094e+5,6.094e+5,
484.61,8.881e+5,8.881e+5,
484.66,1.276e+6,1.276e+6,
484.71,1.801e+6,1.801e+6,
484.76,2.489e+6,2.489e+6,
484.81,3.371e+6,3.371e+6,
484.86,4.469e+6,4.469e+6,
484.91,5.801e+6,5.801e+6,
484.96,7.372e+6,7.372e+6,
485.01,9.172e+6,9.172e+6,
485.06,1.117e+7,1.117e+7,
485.11,1.332e+7,1.332e+7,
485.16,1.556e+7,1.556e+7,
485.21,1.778e+7,1.778e+7,
485.26,1.990e+7,1.990e+7,
485.31,2.180e+7,2.180e+7,
485.36,2.338e+7,2.338e+7,
485.41,2.455e+7,2.455e+7,
485.46,2.524e+7,2.524e+7,
485.51,2.541e+7,2.541e+7,
485.56,2.505e+7,2.505e+7,
485.61,2.419e+7,2.419e+7,
485.66,2.289e+7,2.289e+7,
485.71,2.124e+7,2.124e+7,
485.76,1.935e+7,1.935e+7,
485.81,1.735e+7,1.735e+7,
485.86,1.536e+7,1.536e+7,
485.91,1.352e+7,1.352e+7,
485.96,1.195e+7,1.195e+7,
486.01,1.078e+7,1.078e+7,
486.06,1.009e+7,1.009e+7,
486.11,9.997e+6,9.997e+6,
486.16,1.058e+7,1.058e+7,
486.21,1.190e+7,1.190e+7,
486.26,1.404e+7,1.404e+7,
486.31,1.703e+7,1.703e+7,
486.36,2.091e+7,2.091e+7,
486.41,2.568e+7,2.568e+7,
486.46,3.131e+7,3.131e+7,
486.51,3.776e+7,3.776e+7,
486.56,4.493e+7,4.493e+7,
486.61,5.268e+7,5.268e+7,
486.66,6.085e+7,6.085e+7,
486.71,6.925e+7,6.925e+7,
486.76,7.766e+7,7.766e+7,
486.81,8.584e+7,8.584e+7,
486.86,9.355e+7,9.355e+7,
486.91,1.006e+8,1.006e+8,
486.96,1.067e+8,1.067e+8,
487.01,1.117e+8,1.117e+8,
487.06,1.154e+8,1.154e+8,
487.11,1.177e+8,1.177e+8,
487.16,1.186e+8,1.186e+8,
487.21,1.180e+8,1.180e+8,
487.26,1.159e+8,1.159e+8,
487.31,1.124e+8,1.124e+8,
487.36,1.077e+8,1.077e+8,
487.41,1.019e+8,1.019e+8,
487.46,9.518e+7,9.518e+7,
487.51,8.779e+7,8.779e+7,
487.56,7.995e+7,7.995e+7,
487.61,7.187e+7,7.187e+7,
487.66,6.378e+7,6.378e+7,
487.71,5.587e+7,5.587e+7,
487.76,4.829e+7,4.829e+7,
487.81,4.119e+7,4.119e+7,
487.86,3.466e+7,3.466e+7,
487.91,2.878e+7,2.878e+7,
487.96,2.359e+7,2.359e+7,
488.01,1.910e+7,1.910e+7,
488.06,1.531e+7,1.531e+7,
488.11,1.220e+7,1.220e+7,
488.16,9.764e+6,9.764e+6,
488.21,7.964e+6,7.964e+6,
488.26,6.785e+6,6.785e+6,
488.31,6.220e+6,6.220e+6,
488.36,6.272e+6,6.272e+6,
488.41,6.956e+6,6.956e+6,
488.46,8.298e+6,8.298e+6,
488.51,1.033e+7,1.033e+7,
488.56,1.308e+7,1.308e+7,
488.61,1.655e+7,1.655e+7,
488.66,2.075e+7,2.075e+7,
488.71,2.562e+7,2.562e+7,
488.76,3.107e+7,3.107e+7,
488.81,3.696e+7,3.696e+7,
488.86,4.309e+7,4.309e+7,
488.91,4.921e+7,4.921e+7,
488.96,5.506e+7,5.506e+7,
489.01,6.034e+7,6.034e+7,
489.06,6.476e+7,6.476e+7,
489.11,6.808e+7,6.808e+7,
489.16,7.009e+7,7.009e+7,
489.21,7.067e+7,7.067e+7,
489.26,6.978e+7,6.978e+7,
489.31,6.749e+7,6.749e+7,
489.36,6.392e+7,6.392e+7,
489.41,5.930e+7,5.930e+7,
489.46,5.387e+7,5.387e+7,
489.51,4.793e+7,4.793e+7,
489.56,4.177e+7,4.177e+7,
489.61,3.565e+7,3.565e+7,
489.66,2.979e+7,2.979e+7,
489.71,2.439e+7,2.439e+7,
489.76,1.955e+7,1.955e+7,
489.81,1.535e+7,1.535e+7,
489.86,1.181e+7,1.181e+7,
489.91,8.892e+6,8.892e+6,
489.96,6.559e+6,6.559e+6,
490.01,4.738e+6,4.738e+6,
490.06,3.353e+6,3.353e+6,
490.11,2.323e+6,2.323e+6,
490.16,1.577e+6,1.577e+6,
490.21,1.048e+6,1.048e+6,
490.26,6.822e+5,6.822e+5,
490.31,4.349e+5,4.349e+5,
490.36,2.716e+5,2.716e+5,
490.41,1.661e+5,1.661e+5,
490.46,9.948e+4,9.948e+4,
490.51,5.836e+4,5.836e+4,
490.56,3.353e+4,3.353e+4,
490.61,1.887e+4,1.887e+4,
490.66,1.040e+4,1.040e+4,
490.71,5.612e+3,5.612e+3,
490.76,2.967e+3,2.967e+3,
490.81,1.536e+3,1.536e+3,
490.86,7.790e+2,7.790e+2,
490.91,3.869e+2,3.869e+2,
490.96,1.882e+2,1.882e+2,
491.01,8.967e+1,8.967e+1,
491.06,4.184e+1,4.184e+1,
491.11,1.912e+1,1.912e+1,
491.16,8.559e+0,8.559e+0,
491.21,3.752e+0,3.752e+0,
491.26,1.611e+0,1.611e+0,
491.31,6.776e-1,6.776e-1,
491.36,2.791e-1,2.791e-1,
491.41,1.126e-1,1.126e-1,
491.46,4.448e-2,4.448e-2,
491.51,1.721e-2,1.721e-2,
491.56,6.525e-3,6.525e-3,
491.61,2.422e-3,2.422e-3,
491.66,8.807e-4,8.807e-4,
491.71,3.136e-4,3.136e-4,
491.76,1.094e-4,1.094e-4,
491.81,3.737e-5,3.737e-5,
491.86,1.251e-5,1.251e-5,
491.91,4.098e-6,4.098e-6,
491.96,1.316e-6,1.316e-6,
492.01,4.136e-7,4.136e-7,
492.06,1.274e-7,1.274e-7,
492.11,3.841e-8,3.841e-8,
492.16,1.135e-8,1.135e-8,
492.21,9.315e-10,9.315e-10,
493.26,3.486e-8,3.486e-8,
493.31,1.153e-7,1.153e-7,
493.36,3.735e-7,3.735e-7,
493.41,1.186e-6,1.186e-6,
493.46,3.690e-6,3.690e-6,
493.51,1.125e-5,1.125e-5,
493.56,3.361e-5,3.361e-5,
493.61,9.840e-5,9.840e-5,
493.66,2.823e-4,2.823e-4,
493.71,7.935e-4,7.935e-4,
493.76,2.186e-3,2.186e-3,
493.81,5.899e-3,5.899e-3,
493.86,1.560e-2,1.560e-2,
493.91,4.044e-2,4.044e-2,
493.96,1.027e-1,1.027e-1,
494.01,2.556e-1,2.556e-1,
494.06,6.232e-1,6.232e-1,
494.11,1.489e+0,1.489e+0,
494.16,3.487e+0,3.487e+0,
494.21,8.001e+0,8.001e+0,
494.26,1.799e+1,1.799e+1,
494.31,3.963e+1,3.963e+1,
494.36,8.556e+1,8.556e+1,
494.41,1.810e+2,1.810e+2,
494.46,3.752e+2,3.752e+2,
494.51,7.621e+2,7.621e+2,
494.56,1.517e+3,1.517e+3,
494.61,2.959e+3,2.959e+3,
494.66,5.655e+3,5.655e+3,
494.71,1.059e+4,1.059e+4,
494.76,1.944e+4,1.944e+4,
494.81,3.495e+4,3.495e+4,
494.86,6.159e+4,6.159e+4,
494.91,1.063e+5,1.063e+5,
494.96,1.799e+5,1.799e+5,
495.01,2.983e+5,2.983e+5,
495.06,4.847e+5,4.847e+5,
495.11,7.717e+5,7.717e+5,
495.16,1.204e+6,1.204e+6,
495.21,1.841e+6,1.841e+6,
495.26,2.757e+6,2.757e+6,
495.31,4.048e+6,4.048e+6,
495.36,5.823e+6,5.823e+6,
495.41,8.209e+6,8.209e+6,
495.46,1.134e+7,1.134e+7,
495.51,1.535e+7,1.535e+7,
495.56,2.037e+7,2.037e+7,
495.61,2.648e+7,2.648e+7,
495.66,3.374e+7,3.374e+7,
495.71,4.213e+7,4.213e+7,
495.76,5.156e+7,5.156e+7,
495.81,6.185e+7,6.185e+7,
495.86,7.272e+7,7.272e+7,
495.91,8.382e+7,8.382e+7,
495.96,9.473e+7,9.473e+7,
496.01,1.050e+8,1.050e+8,
496.06,1.140e+8,1.140e+8,
496.11,1.216e+8,1.216e+8,
496.16,1.271e+8,1.271e+8,
496.21,1.304e+8,1.304e+8,
496.26,1.314e+8,1.314e+8,
496.31,1.300e+8,1.300e+8,
496.36,1.263e+8,1.263e+8,
496.41,1.207e+8,1.207e+8,
496.46,1.136e+8,1.136e+8,
496.51,1.052e+8,1.052e+8,
496.56,9.598e+7,9.598e+7,
496.61,8.643e+7,8.643e+7,
496.66,7.688e+7,7.688e+7,
496.71,6.763e+7,6.763e+7,
496.76,5.889e+7,5.889e+7,
496.81,5.081e+7,5.081e+7,
496.86,4.348e+7,4.348e+7,
496.91,3.692e+7,3.692e+7,
496.96,3.112e+7,3.112e+7,
497.01,2.604e+7,2.604e+7,
497.06,2.162e+7,2.162e+7,
497.11,1.780e+7,1.780e+7,
497.16,1.452e+7,1.452e+7,
497.21,1.172e+7,1.172e+7,
497.26,9.352e+6,9.352e+6,
497.31,7.370e+6,7.370e+6,
497.36,5.730e+6,5.730e+6,
497.41,4.390e+6,4.390e+6,
497.46,3.311e+6,3.311e+6,
497.51,2.457e+6,2.457e+6,
497.56,1.792e+6,1.792e+6,
497.61,1.284e+6,1.284e+6,
497.66,9.041e+5,9.041e+5,
497.71,6.247e+5,6.247e+5,
497.76,4.236e+5,4.236e+5,
497.81,2.818e+5,2.818e+5,
497.86,1.838e+5,1.838e+5,
497.91,1.176e+5,1.176e+5,
497.96,7.379e+4,7.379e+4,
498.01,4.539e+4,4.539e+4,
498.06,2.737e+4,2.737e+4,
498.11,1.617e+4,1.617e+4,
498.16,9.370e+3,9.370e+3,
498.21,5.321e+3,5.321e+3,
498.26,2.961e+3,2.961e+3,
498.31,1.615e+3,1.615e+3,
498.36,8.632e+2,8.632e+2,
498.41,4.522e+2,4.522e+2,
498.46,2.321e+2,2.321e+2,
498.51,1.168e+2,1.168e+2,
498.56,5.758e+1,5.758e+1,
498.61,2.782e+1,2.782e+1,
498.66,1.317e+1,1.317e+1,
498.71,6.112e+0,6.112e+0,
498.76,2.779e+0,2.779e+0,
498.81,1.238e+0,1.238e+0,
498.86,5.407e-1,5.407e-1,
498.91,2.314e-1,2.314e-1,
498.96,9.701e-2,9.701e-2,
499.01,3.986e-2,3.986e-2,
499.06,1.605e-2,1.605e-2,
499.11,6.334e-3,6.334e-3,
499.16,2.449e-3,2.449e-3,
499.21,9.281e-4,9.281e-4,
499.26,3.446e-4,3.446e-4,
499.31,1.254e-4,1.254e-4,
499.36,4.472e-5,4.472e-5,
499.41,1.563e-5,1.563e-5,
499.46,5.350e-6,5.350e-6,
499.51,1.795e-6,1.795e-6,
499.56,5.904e-7,5.904e-7,
499.61,1.902e-7,1.902e-7,
499.66,6.007e-8,6.007e-8,
499.71,1.859e-8,1.859e-8,
499.76,5.637e-9,5.637e-9,
512.52,9.343e-9,9.343e-9,
512.57,2.948e-8,2.948e-8,
512.62,9.130e-8,9.130e-8,
512.67,2.775e-7,2.775e-7,
512.72,8.275e-7,8.275e-7,
512.77,2.422e-6,2.422e-6,
512.82,6.957e-6,6.957e-6,
512.87,1.961e-5,1.961e-5,
512.92,5.424e-5,5.424e-5,
512.97,1.473e-4,1.473e-4,
513.02,3.923e-4,3.923e-4,
513.07,1.026e-3,1.026e-3,
513.12,2.632e-3,2.632e-3,
513.17,6.627e-3,6.627e-3,
513.22,1.638e-2,1.638e-2,
513.27,3.971e-2,3.971e-2,
513.32,9.451e-2,9.451e-2,
513.37,2.207e-1,2.207e-1,
513.42,5.059e-1,5.059e-1,
513.47,1.138e+0,1.138e+0,
513.52,2.512e+0,2.512e+0,
513.57,5.441e+0,5.441e+0,
513.62,1.157e+1,1.157e+1,
513.67,2.413e+1,2.413e+1,
513.72,4.941e+1,4.941e+1,
513.77,9.928e+1,9.928e+1,
513.82,1.958e+2,1.958e+2,
513.87,3.788e+2,3.788e+2,
513.92,7.194e+2,7.194e+2,
513.97,1.341e+3,1.341e+3,
514.02,2.452e+3,2.452e+3,
514.07,4.401e+3,4.401e+3,
514.12,7.752e+3,7.752e+3,
514.17,1.340e+4,1.340e+4,
514.22,2.273e+4,2.273e+4,
514.27,3.784e+4,3.784e+4,
514.32,6.182e+4,6.182e+4,
514.37,9.912e+4,9.912e+4,
514.42,1.560e+5,1.560e+5,
514.47,2.408e+5,2.408e+5,
514.52,3.649e+5,3.649e+5,
514.57,5.427e+5,5.427e+5,
514.62,7.920e+5,7.920e+5,
514.67,1.134e+6,1.134e+6,
514.72,1.594e+6,1.594e+6,
514.77,2.199e+6,2.199e+6,
514.82,2.977e+6,2.977e+6,
514.87,3.955e+6,3.955e+6,
514.92,5.156e+6,5.156e+6,
514.97,6.596e+6,6.596e+6,
515.02,8.282e+6,8.282e+6,
515.07,1.020e+7,1.020e+7,
515.12,1.234e+7,1.234e+7,
515.17,1.464e+7,1.464e+7,
515.22,1.705e+7,1.705e+7,
515.27,1.949e+7,1.949e+7,
515.32,2.186e+7,2.186e+7,
515.37,2.406e+7,2.406e+7,
515.42,2.599e+7,2.599e+7,
515.47,2.755e+7,2.755e+7,
515.52,2.866e+7,2.866e+7,
515.57,2.926e+7,2.926e+7,
515.62,2.931e+7,2.931e+7,
515.67,2.882e+7,2.882e+7,
515.72,2.781e+7,2.781e+7,
515.77,2.633e+7,2.633e+7,
515.82,2.447e+7,2.447e+7,
515.87,2.231e+7,2.231e+7,
515.92,1.997e+7,1.997e+7,
515.97,1.754e+7,1.754e+7,
516.02,1.512e+7,1.512e+7,
516.07,1.279e+7,1.279e+7,
516.12,1.062e+7,1.062e+7,
516.17,8.648e+6,8.648e+6,
516.22,6.914e+6,6.914e+6,
516.27,5.424e+6,5.424e+6,
516.32,4.177e+6,4.177e+6,
516.37,3.156e+6,3.156e+6,
516.42,2.340e+6,2.340e+6,
516.47,1.703e+6,1.703e+6,
516.52,1.216e+6,1.216e+6,
516.57,8.523e+5,8.523e+5,
516.62,5.862e+5,5.862e+5,
516.67,3.957e+5,3.957e+5,
516.72,2.621e+5,2.621e+5,
516.77,1.704e+5,1.704e+5,
516.82,1.087e+5,1.087e+5,
516.87,6.805e+4,6.805e+4,
516.92,4.181e+4,4.181e+4,
516.97,2.521e+4,2.521e+4,
517.02,1.492e+4,1.492e+4,
517.07,8.661e+3,8.661e+3,
517.12,4.936e+3,4.936e+3,
517.17,2.760e+3,2.760e+3,
517.22,1.515e+3,1.515e+3,
517.27,8.160e+2,8.160e+2,
517.32,4.313e+2,4.313e+2,
517.37,2.237e+2,2.237e+2,
517.42,1.139e+2,1.139e+2,
517.47,5.689e+1,5.689e+1,
517.52,2.789e+1,2.789e+1,
517.57,1.342e+1,1.342e+1,
517.62,6.336e+0,6.336e+0,
517.67,2.936e+0,2.936e+0,
517.72,1.335e+0,1.335e+0,
517.77,5.958e-1,5.958e-1,
517.82,2.609e-1,2.609e-1,
517.87,1.121e-1,1.121e-1,
517.92,4.730e-2,4.730e-2,
517.97,1.958e-2,1.958e-2,
518.02,7.953e-3,7.953e-3,
518.07,3.170e-3,3.170e-3,
518.12,1.240e-3,1.240e-3,
518.17,4.762e-4,4.762e-4,
518.22,1.794e-4,1.794e-4,
518.27,6.634e-5,6.634e-5,
518.32,2.408e-5,2.408e-5,
518.37,8.608e-6,8.608e-6,
518.42,3.101e-6,3.101e-6,
518.47,1.328e-6,1.328e-6,
518.52,1.191e-6,1.191e-6,
518.57,2.444e-6,2.444e-6,
518.62,6.340e-6,6.340e-6,
518.67,1.676e-5,1.676e-5,
518.72,4.367e-5,4.367e-5,
518.77,1.118e-4,1.118e-4,
518.82,2.811e-4,2.811e-4,
518.87,6.937e-4,6.937e-4,
518.92,1.681e-3,1.681e-3,
518.97,3.999e-3,3.999e-3,
519.02,9.338e-3,9.338e-3,
519.07,2.141e-2,2.141e-2,
519.12,4.820e-2,4.820e-2,
519.17,1.065e-1,1.065e-1,
519.22,2.311e-1,2.311e-1,
519.27,4.923e-1,4.923e-1,
519.32,1.030e+0,1.030e+0,
519.37,2.114e+0,2.114e+0,
519.42,4.261e+0,4.261e+0,
519.47,8.434e+0,8.434e+0,
519.52,1.639e+1,1.639e+1,
519.57,3.126e+1,3.126e+1,
519.62,5.854e+1,5.854e+1,
519.67,1.076e+2,1.076e+2,
519.72,1.943e+2,1.943e+2,
519.77,3.443e+2,3.443e+2,
519.82,5.990e+2,5.990e+2,
519.87,1.023e+3,1.023e+3,
519.92,1.716e+3,1.716e+3,
519.97,2.825e+3,2.825e+3,
520.02,4.567e+3,4.567e+3,
520.07,7.248e+3,7.248e+3,
520.12,1.129e+4,1.129e+4,
520.17,1.728e+4,1.728e+4,
520.22,2.595e+4,2.595e+4,
520.27,3.826e+4,3.826e+4,
520.32,5.539e+4,5.539e+4,
520.37,7.874e+4,7.874e+4,
520.42,1.099e+5,1.099e+5,
520.47,1.506e+5,1.506e+5,
520.52,2.027e+5,2.027e+5,
520.57,2.678e+5,2.678e+5,
520.62,3.477e+5,3.477e+5,
520.67,4.433e+5,4.433e+5,
520.72,5.554e+5,5.554e+5,
520.77,6.838e+5,6.838e+5,
520.82,8.278e+5,8.278e+5,
520.87,9.860e+5,9.860e+5,
520.92,1.156e+6,1.156e+6,
520.97,1.337e+6,1.337e+6,
521.02,1.525e+6,1.525e+6,
521.07,1.721e+6,1.721e+6,
521.12,1.925e+6,1.925e+6,
521.17,2.140e+6,2.140e+6,
521.22,2.374e+6,2.374e+6,
521.27,2.636e+6,2.636e+6,
521.32,2.941e+6,2.941e+6,
521.37,3.307e+6,3.307e+6,
521.42,3.754e+6,3.754e+6,
521.47,4.305e+6,4.305e+6,
521.52,4.982e+6,4.982e+6,
521.57,5.805e+6,5.805e+6,
521.62,6.787e+6,6.787e+6,
521.67,7.935e+6,7.935e+6,
521.72,9.245e+6,9.245e+6,
521.77,1.070e+7,1.070e+7,
521.82,1.228e+7,1.228e+7,
521.87,1.395e+7,1.395e+7,
521.92,1.565e+7,1.565e+7,
521.97,1.734e+7,1.734e+7,
522.02,1.897e+7,1.897e+7,
522.07,2.049e+7,2.049e+7,
522.12,2.185e+7,2.185e+7,
522.17,2.303e+7,2.303e+7,
522.22,2.403e+7,2.403e+7,
522.27,2.484e+7,2.484e+7,
522.32,2.547e+7,2.547e+7,
522.37,2.596e+7,2.596e+7,
522.42,2.634e+7,2.634e+7,
522.47,2.665e+7,2.665e+7,
522.52,2.691e+7,2.691e+7,
522.57,2.714e+7,2.714e+7,
522.62,2.736e+7,2.736e+7,
522.67,2.756e+7,2.756e+7,
522.72,2.773e+7,2.773e+7,
522.77,2.785e+7,2.785e+7,
522.82,2.790e+7,2.790e+7,
522.87,2.787e+7,2.787e+7,
522.92,2.775e+7,2.775e+7,
522.97,2.757e+7,2.757e+7,
523.02,2.734e+7,2.734e+7,
523.07,2.714e+7,2.714e+7,
523.12,2.702e+7,2.702e+7,
523.17,2.705e+7,2.705e+7,
523.22,2.732e+7,2.732e+7,
523.27,2.788e+7,2.788e+7,
523.32,2.878e+7,2.878e+7,
523.37,3.003e+7,3.003e+7,
523.42,3.163e+7,3.163e+7,
523.47,3.351e+7,3.351e+7,
523.52,3.558e+7,3.558e+7,
523.57,3.774e+7,3.774e+7,
523.62,3.982e+7,3.982e+7,
523.67,4.169e+7,4.169e+7,
523.72,4.319e+7,4.319e+7,
523.77,4.419e+7,4.419e+7,
523.82,4.458e+7,4.458e+7,
523.87,4.431e+7,4.431e+7,
523.92,4.334e+7,4.334e+7,
523.97,4.169e+7,4.169e+7,
524.02,3.943e+7,3.943e+7,
524.07,3.665e+7,3.665e+7,
524.12,3.347e+7,3.347e+7,
524.17,3.004e+7,3.004e+7,
524.22,2.649e+7,2.649e+7,
524.27,2.295e+7,2.295e+7,
524.32,1.955e+7,1.955e+7,
524.37,1.639e+7,1.639e+7,
524.42,1.355e+7,1.355e+7,
524.47,1.108e+7,1.108e+7,
524.52,9.033e+6,9.033e+6,
524.57,7.425e+6,7.425e+6,
524.62,6.275e+6,6.275e+6,
524.67,5.594e+6,5.594e+6,
524.72,5.398e+6,5.398e+6,
524.77,5.708e+6,5.708e+6,
524.82,6.550e+6,6.550e+6,
524.87,7.959e+6,7.959e+6,
524.92,9.975e+6,9.975e+6,
524.97,1.263e+7,1.263e+7,
525.02,1.596e+7,1.596e+7,
525.07,1.998e+7,1.998e+7,
525.12,2.466e+7,2.466e+7,
525.17,2.996e+7,2.996e+7,
525.22,3.580e+7,3.580e+7,
525.27,4.203e+7,4.203e+7,
525.32,4.847e+7,4.847e+7,
525.37,5.490e+7,5.490e+7,
525.42,6.108e+7,6.108e+7,
525.47,6.674e+7,6.674e+7,
525.52,7.162e+7,7.162e+7,
525.57,7.548e+7,7.548e+7,
525.62,7.812e+7,7.812e+7,
525.67,7.940e+7,7.940e+7,
525.72,7.926e+7,7.926e+7,
525.77,7.769e+7,7.769e+7,
525.82,7.480e+7,7.480e+7,
525.87,7.072e+7,7.072e+7,
525.92,6.566e+7,6.566e+7,
525.97,5.987e+7,5.987e+7,
526.02,5.362e+7,5.362e+7,
526.07,4.715e+7,4.715e+7,
526.12,4.073e+7,4.073e+7,
526.17,3.454e+7,3.454e+7,
526.22,2.877e+7,2.877e+7,
526.27,2.354e+7,2.354e+7,
526.32,1.891e+7,1.891e+7,
526.37,1.492e+7,1.492e+7,
526.42,1.156e+7,1.156e+7,
526.47,8.797e+6,8.797e+6,
526.52,6.574e+6,6.574e+6,
526.57,4.824e+6,4.824e+6,
526.62,3.477e+6,3.477e+6,
526.67,2.461e+6,2.461e+6,
526.72,1.711e+6,1.711e+6,
526.77,1.168e+6,1.168e+6,
526.82,7.830e+5,7.830e+5,
526.87,5.155e+5,5.155e+5,
526.92,3.333e+5,3.333e+5,
526.97,2.117e+5,2.117e+5,
527.02,1.320e+5,1.320e+5,
527.07,8.084e+4,8.084e+4,
527.12,4.862e+4,4.862e+4,5.649e-9
527.17,2.872e+4,2.872e+4,1.741e-8
527.22,1.666e+4,1.666e+4,5.269e-8
527.27,9.490e+3,9.490e+3,1.567e-7
527.32,5.309e+3,5.309e+3,4.578e-7
527.37,2.917e+3,2.917e+3,1.314e-6
527.42,1.574e+3,1.574e+3,3.704e-6
527.47,8.340e+2,8.340e+2,1.026e-5
527.52,4.340e+2,4.340e+2,2.791e-5
527.57,2.218e+2,2.218e+2,7.461e-5
527.62,1.113e+2,1.113e+2,1.959e-4
527.67,5.488e+1,5.488e+1,5.054e-4
527.72,2.656e+1,2.656e+1,1.281e-3
527.77,1.263e+1,1.263e+1,3.188e-3
527.82,5.903e+0,5.896e+0,7.798e-3
527.87,2.722e+0,2.703e+0,1.873e-2
527.92,1.261e+0,1.217e+0,4.421e-2
527.97,6.407e-1,5.382e-1,1.025e-1
528.02,4.672e-1,2.337e-1,2.335e-1
528.07,6.221e-1,9.968e-2,5.225e-1
528.12,1.190e+0,4.175e-2,1.148e+0
528.17,2.497e+0,1.717e-2,2.480e+0
528.22,5.268e+0,6.937e-3,5.261e+0
528.27,1.097e+1,2.752e-3,1.096e+1
528.32,2.245e+1,1.072e-3,2.244e+1
528.37,4.514e+1,4.102e-4,4.514e+1
528.42,8.919e+1,1.541e-4,8.919e+1
528.47,1.731e+2,5.688e-5,1.731e+2
528.52,3.301e+2,2.061e-5,3.301e+2
528.57,6.182e+2,7.336e-6,6.182e+2
528.62,1.138e+3,2.564e-6,1.138e+3
528.67,2.056e+3,8.801e-7,2.056e+3
528.72,3.652e+3,2.967e-7,3.652e+3
528.77,6.371e+3,9.822e-8,6.371e+3
528.82,1.092e+4,3.193e-8,1.092e+4
528.87,1.838e+4,1.020e-8,1.838e+4
528.92,3.040e+4,,3.040e+4
528.97,4.940e+4,,4.940e+4
529.02,7.884e+4,,7.884e+4
529.07,1.236e+5,,1.236e+5
529.12,1.904e+5,,1.904e+5
529.17,2.882e+5,,2.882e+5
529.22,4.284e+5,,4.284e+5
529.27,6.256e+5,,6.256e+5
529.32,8.975e+5,,8.975e+5
529.37,1.265e+6,,1.265e+6
529.42,1.751e+6,,1.751e+6
529.47,2.382e+6,,2.382e+6
529.52,3.183e+6,,3.183e+6
529.57,4.178e+6,,4.178e+6
529.62,5.387e+6,,5.387e+6
529.67,6.824e+6,,6.824e+6
529.72,8.492e+6,,8.492e+6
529.77,1.038e+7,1.415e-9,1.038e+7
529.82,1.247e+7,4.342e-9,1.247e+7
529.87,1.471e+7,1.309e-8,1.471e+7
529.92,1.705e+7,3.878e-8,1.705e+7
529.97,1.941e+7,1.129e-7,1.941e+7
530.02,2.171e+7,3.228e-7,2.171e+7
530.07,2.386e+7,9.072e-7,2.386e+7
530.12,2.575e+7,2.505e-6,2.575e+7
530.17,2.731e+7,6.795e-6,2.731e+7
530.22,2.845e+7,1.811e-5,2.845e+7
530.27,2.911e+7,4.744e-5,2.911e+7
530.32,2.927e+7,1.221e-4,2.927e+7
530.37,2.891e+7,3.086e-4,2.891e+7
530.42,2.805e+7,7.668e-4,2.805e+7
530.47,2.673e+7,1.872e-3,2.673e+7
530.52,2.503e+7,4.489e-3,2.503e+7
530.57,2.302e+7,1.058e-2,2.302e+7
530.62,2.081e+7,2.449e-2,2.081e+7
530.67,1.847e+7,5.572e-2,1.847e+7
530.72,1.611e+7,1.246e-1,1.611e+7
530.77,1.380e+7,2.736e-1,1.380e+7
530.82,1.161e+7,5.903e-1,1.161e+7
530.87,9.601e+6,1.252e+0,9.601e+6
530.92,7.798e+6,2.608e+0,7.798e+6
530.97,6.222e+6,5.338e+0,6.222e+6
531.02,4.877e+6,1.074e+1,4.877e+6
531.07,3.755e+6,2.122e+1,3.755e+6
531.12,2.840e+6,4.120e+1,2.840e+6
531.17,2.111e+6,7.860e+1,2.111e+6
531.22,1.541e+6,1.473e+2,1.541e+6
531.27,1.105e+6,2.714e+2,1.105e+6
531.32,7.790e+5,4.911e+2,7.785e+5
531.37,5.397e+5,8.733e+2,5.388e+5
531.42,3.679e+5,1.526e+3,3.663e+5
531.47,2.473e+5,2.619e+3,2.447e+5
531.52,1.650e+5,4.417e+3,1.606e+5
531.57,1.108e+5,7.321e+3,1.035e+5
531.62,7.745e+4,1.192e+4,6.553e+4
531.67,5.984e+4,1.907e+4,4.077e+4
531.72,5.489e+4,2.998e+4,2.491e+4
531.77,6.127e+4,4.631e+4,1.496e+4
531.82,7.910e+4,7.028e+4,8.820e+3
531.87,1.099e+5,1.048e+5,5.110e+3
531.92,1.565e+5,1.535e+5,2.909e+3
531.97,2.227e+5,2.210e+5,1.626e+3
532.02,3.135e+5,3.127e+5,8.933e+2
532.07,4.350e+5,4.345e+5,4.820e+2
532.12,5.936e+5,5.934e+5,2.555e+2
532.17,7.962e+5,7.961e+5,1.331e+2
532.22,1.050e+6,1.050e+6,6.807e+1
532.27,1.359e+6,1.359e+6,3.421e+1
532.32,1.730e+6,1.730e+6,1.689e+1
532.37,2.164e+6,2.164e+6,8.191e+0
532.42,2.658e+6,2.658e+6,3.902e+0
532.47,3.209e+6,3.209e+6,1.827e+0
532.52,3.807e+6,3.807e+6,8.399e-1
532.57,4.437e+6,4.437e+6,3.794e-1
532.62,5.080e+6,5.080e+6,1.683e-1
532.67,5.716e+6,5.716e+6,7.339e-2
532.72,6.320e+6,6.320e+6,3.143e-2
532.77,6.865e+6,6.865e+6,1.322e-2
532.82,7.327e+6,7.327e+6,5.464e-3
532.87,7.683e+6,7.683e+6,2.218e-3
532.92,7.917e+6,7.917e+6,8.848e-4
532.97,8.015e+6,8.015e+6,3.467e-4
533.02,7.972e+6,7.972e+6,1.334e-4
533.07,7.792e+6,7.792e+6,5.046e-5
533.12,7.483e+6,7.483e+6,1.874e-5
533.17,7.061e+6,7.061e+6,6.840e-6
533.22,6.546e+6,6.546e+6,2.452e-6
533.27,5.963e+6,5.963e+6,8.636e-7
533.32,5.337e+6,5.337e+6,2.988e-7
533.37,4.694e+6,4.694e+6,1.015e-7
533.42,4.056e+6,4.056e+6,3.390e-8
533.47,3.443e+6,3.443e+6,1.112e-8
533.52,2.872e+6,2.872e+6,3.583e-9
533.57,2.354e+6,2.354e+6,
533.62,1.896e+6,1.896e+6,
533.67,1.500e+6,1.500e+6,
533.72,1.166e+6,1.166e+6,
533.77,8.910e+5,8.910e+5,
533.82,6.688e+5,6.688e+5,
533.87,4.932e+5,4.932e+5,
533.92,3.574e+5,3.574e+5,
533.97,2.545e+5,2.545e+5,
534.02,1.780e+5,1.780e+5,
534.07,1.224e+5,1.224e+5,
534.12,8.264e+4,8.264e+4,
534.17,5.483e+4,5.483e+4,
534.22,3.575e+4,3.575e+4,
534.27,2.290e+4,2.290e+4,
534.32,1.442e+4,1.442e+4,
534.37,8.916e+3,8.916e+3,
534.42,5.418e+3,5.418e+3,
534.47,3.235e+3,3.235e+3,
534.52,1.898e+3,1.898e+3,
534.57,1.094e+3,1.094e+3,
534.62,6.196e+2,6.196e+2,
534.67,3.448e+2,3.448e+2,8.643e-9
534.72,1.885e+2,1.885e+2,2.625e-8
534.77,1.013e+2,1.013e+2,7.839e-8
534.82,5.346e+1,5.346e+1,2.300e-7
534.87,2.773e+1,2.773e+1,6.635e-7
534.92,1.413e+1,1.413e+1,1.881e-6
534.97,7.075e+0,7.075e+0,5.240e-6
535.02,3.480e+0,3.480e+0,1.435e-5
535.07,1.682e+0,1.682e+0,3.863e-5
535.12,7.992e-1,7.991e-1,1.022e-4
535.17,3.732e-1,3.729e-1,2.657e-4
535.22,1.717e-1,1.710e-1,6.791e-4
535.27,7.874e-2,7.703e-2,1.706e-3
535.32,3.831e-2,3.410e-2,4.211e-3
535.37,2.505e-2,1.483e-2,1.022e-2
535.42,3.071e-2,6.338e-3,2.437e-2
535.47,5.979e-2,2.661e-3,5.713e-2
535.52,1.327e-1,1.098e-3,1.316e-1
535.57,2.985e-1,4.451e-4,2.981e-1
535.62,6.636e-1,1.773e-4,6.634e-1
535.67,1.451e+0,6.938e-5,1.451e+0
535.72,3.120e+0,2.668e-5,3.120e+0
535.77,6.594e+0,1.008e-5,6.594e+0
535.82,1.370e+1,3.742e-6,1.370e+1
535.87,2.796e+1,1.365e-6,2.796e+1
535.92,5.610e+1,4.891e-7,5.610e+1
535.97,1.106e+2,1.722e-7,1.106e+2
536.02,2.145e+2,5.959e-8,2.145e+2
536.07,4.086e+2,2.026e-8,4.086e+2
536.12,7.650e+2,6.766e-9,7.650e+2
536.17,1.408e+3,2.221e-9,1.408e+3
536.22,2.547e+3,,2.547e+3
536.27,4.528e+3,,4.528e+3
536.32,7.912e+3,,7.912e+3
536.37,1.359e+4,,1.359e+4
536.42,2.294e+4,,2.294e+4
536.47,3.806e+4,,3.806e+4
536.52,6.207e+4,,6.207e+4
536.57,9.948e+4,,9.948e+4
536.62,1.567e+5,,1.567e+5
536.67,2.426e+5,,2.426e+5
536.72,3.693e+5,,3.693e+5
536.77,5.523e+5,,5.523e+5
536.82,8.120e+5,,8.120e+5
536.87,1.173e+6,,1.173e+6
536.92,1.666e+6,,1.666e+6
536.97,2.326e+6,,2.326e+6
537.02,3.191e+6,,3.191e+6
537.07,4.303e+6,,4.303e+6
537.12,5.703e+6,,5.703e+6
537.17,7.428e+6,,7.428e+6
537.22,9.511e+6,,9.511e+6
537.27,1.197e+7,,1.197e+7
537.32,1.480e+7,,1.480e+7
537.37,1.799e+7,,1.799e+7
537.42,2.150e+7,,2.150e+7
537.47,2.525e+7,,2.525e+7
537.52,2.914e+7,,2.914e+7
537.57,3.306e+7,,3.306e+7
537.62,3.686e+7,,3.686e+7
537.67,4.040e+7,,4.040e+7
537.72,4.351e+7,,4.351e+7
537.77,4.607e+7,,4.607e+7
537.82,4.793e+7,,4.793e+7
537.87,4.902e+7,,4.902e+7
537.92,4.928e+7,,4.928e+7
537.97,4.869e+7,,4.869e+7
538.02,4.728e+7,,4.728e+7
538.07,4.512e+7,,4.512e+7
538.12,4.233e+7,,4.233e+7
538.17,3.902e+7,,3.902e+7
538.22,3.536e+7,,3.536e+7
538.27,3.150e+7,,3.150e+7
538.32,2.757e+7,,2.757e+7
538.37,2.373e+7,,2.373e+7
538.42,2.006e+7,,2.006e+7
538.47,1.668e+7,,1.668e+7
538.52,1.362e+7,,1.362e+7
538.57,1.094e+7,,1.094e+7
538.62,8.633e+6,,8.633e+6
538.67,6.697e+6,,6.697e+6
538.72,5.106e+6,,5.106e+6
538.77,3.826e+6,,3.826e+6
538.82,2.818e+6,,2.818e+6
538.87,2.040e+6,,2.040e+6
538.92,1.451e+6,,1.451e+6
538.97,1.015e+6,,1.015e+6
539.02,6.974e+5,,6.974e+5
539.07,4.711e+5,,4.711e+5
539.12,3.128e+5,,3.128e+5
539.17,2.041e+5,,2.041e+5
539.22,1.309e+5,,1.309e+5
539.27,8.254e+4,,8.254e+4
539.32,5.115e+4,,5.115e+4
539.37,3.115e+4,,3.115e+4
539.42,1.864e+4,,1.864e+4
539.47,1.097e+4,,1.097e+4
539.52,6.342e+3,,6.342e+3
539.57,3.604e+3,,3.604e+3
539.62,2.013e+3,,2.013e+3
539.67,1.105e+3,,1.105e+3
539.72,5.965e+2,,5.965e+2
539.77,3.164e+2,,3.164e+2
539.82,1.649e+2,,1.649e+2
539.87,8.450e+1,,8.450e+1
539.92,4.255e+1,,4.255e+1
539.97,2.106e+1,,2.106e+1
540.02,1.025e+1,,1.025e+1
540.07,4.899e+0,,4.899e+0
540.12,2.302e+0,,2.302e+0
540.17,1.063e+0,,1.063e+0
540.22,4.827e-1,,4.827e-1
540.27,2.154e-1,,2.154e-1
540.33,7.994e-2,,7.994e-2
540.38,3.434e-2,,3.434e-2
540.43,1.450e-2,,1.450e-2
540.48,6.016e-3,,6.016e-3
540.53,2.454e-3,,2.454e-3
540.58,9.836e-4,,9.836e-4
540.63,3.876e-4,,3.876e-4
540.68,1.501e-4,,1.501e-4
540.73,5.712e-5,,5.712e-5
540.78,2.137e-5,,2.137e-5
540.83,7.857e-6,,7.857e-6
540.88,2.840e-6,,2.840e-6
540.93,1.009e-6,,1.009e-6
540.98,3.521e-7,,3.521e-7
541.03,1.208e-7,,1.208e-7
541.08,4.075e-8,,4.075e-8
541.13,1.351e-8,,1.351e-8
541.83,7.526e-9,7.526e-9,
541.88,2.228e-8,2.228e-8,
541.93,6.487e-8,6.487e-8,
541.98,1.857e-7,1.857e-7,
542.03,5.228e-7,5.228e-7,
542.08,1.447e-6,1.447e-6,
542.13,3.939e-6,3.939e-6,
542.18,1.054e-5,1.054e-5,
542.23,2.774e-5,2.774e-5,
542.28,7.179e-5,7.179e-5,
542.33,1.827e-4,1.827e-4,
542.38,4.571e-4,4.571e-4,
542.43,1.125e-3,1.125e-3,
542.48,2.721e-3,2.721e-3,
542.53,6.473e-3,6.473e-3,
542.58,1.514e-2,1.514e-2,
542.63,3.483e-2,3.483e-2,
542.68,7.878e-2,7.878e-2,
542.73,1.752e-1,1.752e-1,
542.78,3.832e-1,3.832e-1,
542.83,8.240e-1,8.240e-1,
542.88,1.742e+0,1.742e+0,
542.93,3.623e+0,3.623e+0,
542.98,7.408e+0,7.408e+0,
543.03,1.489e+1,1.489e+1,
543.08,2.944e+1,2.944e+1,
543.13,5.724e+1,5.724e+1,
543.18,1.094e+2,1.094e+2,
543.23,2.056e+2,2.056e+2,
543.28,3.801e+2,3.801e+2,
543.33,6.908e+2,6.908e+2,
543.38,1.234e+3,1.234e+3,
543.43,2.169e+3,2.169e+3,
543.48,3.748e+3,3.748e+3,
543.53,6.369e+3,6.369e+3,
543.58,1.064e+4,1.064e+4,
543.63,1.748e+4,1.748e+4,
543.68,2.824e+4,2.824e+4,
543.73,4.486e+4,4.486e+4,
543.78,7.007e+4,7.007e+4,
543.83,1.076e+5,1.076e+5,
543.88,1.625e+5,1.625e+5,
543.93,2.414e+5,2.414e+5,
543.98,3.525e+5,3.525e+5,
544.03,5.061e+5,5.061e+5,
544.08,7.146e+5,7.146e+5,
544.13,9.922e+5,9.922e+5,
544.18,1.355e+6,1.355e+6,
544.23,1.818e+6,1.818e+6,
544.28,2.400e+6,2.400e+6,
544.33,3.116e+6,3.116e+6,
544.38,3.977e+6,3.977e+6,
544.43,4.991e+6,4.991e+6,
544.48,6.160e+6,6.160e+6,
544.53,7.475e+6,7.475e+6,
544.58,8.920e+6,8.920e+6,
544.63,1.047e+7,1.047e+7,
544.68,1.208e+7,1.208e+7,
544.73,1.370e+7,1.370e+7,
544.78,1.528e+7,1.528e+7,
544.83,1.677e+7,1.677e+7,
544.88,1.808e+7,1.808e+7,
544.93,1.918e+7,1.918e+7,
544.98,2.001e+7,2.001e+7,
545.03,2.052e+7,2.052e+7,
545.08,2.069e+7,2.069e+7,
545.13,2.052e+7,2.052e+7,
545.18,2.001e+7,2.001e+7,
545.23,1.918e+7,1.918e+7,
545.28,1.808e+7,1.808e+7,
545.33,1.677e+7,1.677e+7,
545.38,1.528e+7,1.528e+7,
545.43,1.370e+7,1.370e+7,
545.48,1.208e+7,1.208e+7,
545.53,1.047e+7,1.047e+7,
545.58,8.920e+6,8.920e+6,
545.63,7.475e+6,7.475e+6,
545.68,6.160e+6,6.160e+6,
545.73,4.991e+6,4.991e+6,
545.78,3.977e+6,3.977e+6,
545.83,3.116e+6,3.116e+6,
545.88,2.400e+6,2.400e+6,
545.93,1.818e+6,1.818e+6,
545.98,1.355e+6,1.355e+6,
546.03,9.923e+5,9.923e+5,
546.08,7.148e+5,7.148e+5,
546.13,5.064e+5,5.064e+5,
546.18,3.531e+5,3.531e+5,
546.23,2.425e+5,2.425e+5,
546.28,1.645e+5,1.645e+5,
546.33,1.113e+5,1.113e+5,
546.38,7.658e+4,7.658e+4,
546.43,5.627e+4,5.627e+4,
546.48,4.792e+4,4.792e+4,
546.53,5.083e+4,5.083e+4,
546.58,6.624e+4,6.624e+4,
546.63,9.752e+4,9.752e+4,
546.68,1.507e+5,1.507e+5,
546.73,2.353e+5,2.353e+5,
546.78,3.648e+5,3.648e+5,
546.83,5.584e+5,5.584e+5,
546.88,8.418e+5,8.418e+5,
546.93,1.249e+6,1.249e+6,
546.98,1.822e+6,1.822e+6,
547.03,2.615e+6,2.615e+6,
547.08,3.692e+6,3.692e+6,
547.13,5.127e+6,5.127e+6,
547.18,7.001e+6,7.001e+6,
547.23,9.405e+6,9.405e+6,
547.28,1.243e+7,1.243e+7,
547.33,1.615e+7,1.615e+7,
547.38,2.064e+7,2.064e+7,
547.43,2.595e+7,2.595e+7,
547.48,3.209e+7,3.209e+7,
547.53,3.904e+7,3.904e+7,
547.58,4.673e+7,4.673e+7,
547.63,5.501e+7,5.501e+7,
547.68,6.372e+7,6.372e+7,
547.73,7.263e+7,7.263e+7,
547.78,8.144e+7,8.144e+7,
547.83,8.987e+7,8.987e+7,
547.88,9.761e+7,9.761e+7,
547.93,1.043e+8,1.043e+8,
547.98,1.098e+8,1.098e+8,
548.03,1.137e+8,1.137e+8,
548.08,1.160e+8,1.160e+8,
548.13,1.166e+8,1.166e+8,
548.18,1.155e+8,1.155e+8,
548.23,1.126e+8,1.126e+8,
548.28,1.083e+8,1.083e+8,
548.33,1.028e+8,1.028e+8,
548.38,9.615e+7,9.615e+7,
548.43,8.879e+7,8.879e+7,
548.48,8.096e+7,8.096e+7,
548.53,7.293e+7,7.293e+7,
548.58,6.493e+7,6.493e+7,
548.63,5.717e+7,5.717e+7,
548.68,4.979e+7,4.979e+7,
548.73,4.293e+7,4.293e+7,
548.78,3.665e+7,3.665e+7,
548.83,3.100e+7,3.100e+7,
548.88,2.598e+7,2.598e+7,
548.93,2.158e+7,2.158e+7,
548.98,1.778e+7,1.778e+7,
549.03,1.454e+7,1.454e+7,
549.08,1.181e+7,1.181e+7,
549.13,9.549e+6,9.549e+6,
549.18,7.721e+6,7.721e+6,
549.23,6.290e+6,6.290e+6,
549.28,5.226e+6,5.226e+6,
549.33,4.509e+6,4.509e+6,
549.38,4.129e+6,4.129e+6,
549.43,4.083e+6,4.083e+6,
549.48,4.378e+6,4.378e+6,
549.53,5.027e+6,5.027e+6,
549.58,6.050e+6,6.050e+6,
549.63,7.468e+6,7.468e+6,
549.68,9.300e+6,9.300e+6,
549.73,1.156e+7,1.156e+7,
549.78,1.425e+7,1.425e+7,
549.83,1.737e+7,1.737e+7,
549.88,2.086e+7,2.086e+7,
549.93,2.469e+7,2.469e+7,
549.98,2.876e+7,2.876e+7,
550.03,3.297e+7,3.297e+7,
550.08,3.718e+7,3.718e+7,
550.13,4.124e+7,4.124e+7,
550.18,4.501e+7,4.501e+7,
550.23,4.832e+7,4.832e+7,
550.28,5.102e+7,5.102e+7,
550.33,5.300e+7,5.300e+7,
550.38,5.414e+7,5.414e+7,
550.43,5.441e+7,5.441e+7,
550.48,5.379e+7,5.379e+7,
550.53,5.230e+7,5.230e+7,
550.58,5.003e+7,5.003e+7,
550.63,4.707e+7,4.707e+7,
550.68,4.357e+7,4.357e+7,
550.73,3.967e+7,3.967e+7,
550.78,3.555e+7,3.555e+7,
550.83,3.135e+7,3.135e+7,
550.88,2.722e+7,2.722e+7,
550.93,2.330e+7,2.330e+7,
550.98,1.967e+7,1.967e+7,
551.03,1.644e+7,1.644e+7,
551.08,1.365e+7,1.365e+7,
551.13,1.134e+7,1.134e+7,
551.18,9.534e+6,9.534e+6,
551.23,8.232e+6,8.232e+6,
551.28,7.434e+6,7.434e+6,
551.33,7.130e+6,7.130e+6,
551.38,7.307e+6,7.307e+6,
551.43,7.949e+6,7.949e+6,
551.48,9.035e+6,9.035e+6,
551.53,1.054e+7,1.054e+7,
551.58,1.244e+7,1.244e+7,
551.63,1.468e+7,1.468e+7,
551.68,1.721e+7,1.721e+7,
551.73,1.996e+7,1.996e+7,
551.78,2.285e+7,2.285e+7,
551.83,2.578e+7,2.578e+7,
551.88,2.865e+7,2.865e+7,
551.93,3.133e+7,3.133e+7,
551.98,3.372e+7,3.372e+7,
552.03,3.572e+7,3.572e+7,
552.08,3.722e+7,3.722e+7,
552.13,3.816e+7,3.816e+7,
552.18,3.851e+7,3.851e+7,
552.23,3.824e+7,3.824e+7,
552.28,3.738e+7,3.738e+7,
552.33,3.599e+7,3.599e+7,
552.38,3.413e+7,3.413e+7,
552.43,3.192e+7,3.192e+7,
552.48,2.947e+7,2.947e+7,
552.53,2.691e+7,2.691e+7,
552.58,2.436e+7,2.436e+7,
552.63,2.195e+7,2.195e+7,
552.68,1.978e+7,1.978e+7,
552.73,1.794e+7,1.794e+7,
552.78,1.650e+7,1.650e+7,
552.83,1.551e+7,1.551e+7,
552.88,1.498e+7,1.498e+7,
552.93,1.491e+7,1.491e+7,
552.98,1.529e+7,1.529e+7,
553.03,1.608e+7,1.608e+7,
553.08,1.721e+7,1.721e+7,
553.13,1.862e+7,1.862e+7,
553.18,2.024e+7,2.024e+7,
553.23,2.198e+7,2.198e+7,
553.28,2.376e+7,2.376e+7,
553.33,2.551e+7,2.551e+7,
553.38,2.716e+7,2.716e+7,
553.43,2.864e+7,2.864e+7,
553.48,2.991e+7,2.991e+7,
553.53,3.092e+7,3.092e+7,
553.58,3.165e+7,3.165e+7,
553.63,3.208e+7,3.208e+7,
553.68,3.221e+7,3.221e+7,
553.73,3.203e+7,3.203e+7,
553.78,3.157e+7,3.157e+7,
553.83,3.083e+7,3.083e+7,
553.88,2.984e+7,2.984e+7,
553.93,2.862e+7,2.862e+7,
553.98,2.719e+7,2.719e+7,
554.03,2.558e+7,2.558e+7,
554.08,2.384e+7,2.384e+7,
554.13,2.198e+7,2.198e+7,
554.18,2.005e+7,2.005e+7,
554.23,1.809e+7,1.809e+7,
554.28,1.613e+7,1.613e+7,
554.33,1.420e+7,1.420e+7,
554.38,1.235e+7,1.235e+7,
554.43,1.061e+7,1.061e+7,
554.48,8.985e+6,8.985e+6,
554.53,7.508e+6,7.508e+6,
554.58,6.185e+6,6.185e+6,
554.63,5.022e+6,5.022e+6,
554.68,4.019e+6,4.019e+6,
554.73,3.169e+6,3.169e+6,
554.78,2.461e+6,2.461e+6,
554.83,1.882e+6,1.882e+6,
554.88,1.418e+6,1.418e+6,
554.93,1.051e+6,1.051e+6,
554.98,7.673e+5,7.673e+5,
555.03,5.514e+5,5.514e+5,
555.08,3.900e+5,3.900e+5,
555.13,2.715e+5,2.715e+5,
555.18,1.860e+5,1.860e+5,
555.23,1.254e+5,1.254e+5,
555.28,8.323e+4,8.323e+4,
555.33,5.434e+4,5.434e+4,
555.38,3.492e+4,3.492e+4,
555.43,2.207e+4,2.207e+4,
555.48,1.373e+4,1.373e+4,
555.53,8.405e+3,8.405e+3,
555.58,5.062e+3,5.062e+3,
555.63,2.999e+3,2.999e+3,
555.68,1.749e+3,1.749e+3,
555.73,1.003e+3,1.003e+3,
555.78,5.661e+2,5.661e+2,
555.83,3.143e+2,3.143e+2,
555.88,1.717e+2,1.717e+2,
555.93,9.230e+1,9.230e+1,
555.98,4.881e+1,4.881e+1,
556.03,2.540e+1,2.540e+1,
556.08,1.300e+1,1.300e+1,
556.13,6.547e+0,6.547e+0,
556.18,3.244e+0,3.244e+0,
556.23,1.581e+0,1.581e+0,
556.28,7.585e-1,7.585e-1,
556.33,3.579e-1,3.579e-1,
556.38,1.662e-1,1.662e-1,
556.43,7.590e-2,7.590e-2,
556.48,3.411e-2,3.411e-2,
556.53,1.508e-2,1.508e-2,
556.58,6.559e-3,6.559e-3,
556.63,2.807e-3,2.807e-3,
556.68,1.182e-3,1.182e-3,
556.73,4.895e-4,4.895e-4,
556.78,1.995e-4,1.995e-4,
556.83,7.999e-5,7.999e-5,
556.88,3.155e-5,3.155e-5,
556.93,1.224e-5,1.224e-5,
556.98,4.675e-6,4.675e-6,
557.03,1.756e-6,1.756e-6,
557.08,6.491e-7,6.491e-7,
557.13,2.360e-7,2.360e-7,
557.18,8.444e-8,8.444e-8,
557.23,2.972e-8,2.972e-8,
557.28,1.029e-8,1.029e-8,
557.33,3.506e-9,3.506e-9,
578.44,2.075e-9,,2.075e-9
578.49,5.791e-9,,5.791e-9
578.54,1.592e-8,,1.592e-8
578.59,4.313e-8,,4.313e-8
578.64,1.151e-7,,1.151e-7
578.69,3.028e-7,,3.028e-7
578.74,7.848e-7,,7.848e-7
578.79,2.004e-6,,2.004e-6
578.84,5.043e-6,,5.043e-6
578.89,1.250e-5,,1.250e-5
578.94,3.055e-5,,3.055e-5
578.99,7.353e-5,,7.353e-5
579.04,1.744e-4,,1.744e-4
579.09,4.077e-4,,4.077e-4
579.14,9.388e-4,,9.388e-4
579.19,2.130e-3,,2.130e-3
579.24,4.763e-3,,4.763e-3
579.29,1.049e-2,,1.049e-2
579.34,2.278e-2,,2.278e-2
579.39,4.873e-2,,4.873e-2
579.44,1.027e-1,,1.027e-1
579.49,2.133e-1,,2.133e-1
579.54,4.365e-1,,4.365e-1
579.59,8.802e-1,,8.802e-1
579.64,1.749e+0,,1.749e+0
579.69,3.424e+0,,3.424e+0
579.74,6.605e+0,,6.605e+0
579.79,1.255e+1,,1.255e+1
579.84,2.351e+1,,2.351e+1
579.89,4.339e+1,,4.339e+1
579.94,7.890e+1,,7.890e+1
579.99,1.414e+2,,1.414e+2
580.04,2.496e+2,,2.496e+2
580.09,4.342e+2,,4.342e+2
580.14,7.443e+2,,7.443e+2
580.19,1.257e+3,,1.257e+3
580.24,2.092e+3,,2.092e+3
580.29,3.431e+3,,3.431e+3
580.34,5.543e+3,,5.543e+3
580.39,8.826e+3,,8.826e+3
580.44,1.385e+4,,1.385e+4
580.49,2.140e+4,,2.140e+4
580.54,3.260e+4,,3.260e+4
580.59,4.893e+4,,4.893e+4
580.64,7.236e+4,,7.236e+4
580.69,1.054e+5,,1.054e+5
580.74,1.514e+5,,1.514e+5
580.79,2.142e+5,,2.142e+5
580.84,2.986e+5,,2.986e+5
580.89,4.101e+5,,4.101e+5
580.94,5.551e+5,,5.551e+5
580.99,7.403e+5,,7.403e+5
581.04,9.728e+5,,9.728e+5
581.09,1.260e+6,,1.260e+6
581.14,1.607e+6,,1.607e+6
581.19,2.020e+6,,2.020e+6
581.24,2.503e+6,,2.503e+6
581.29,3.055e+6,,3.055e+6
581.34,3.674e+6,,3.674e+6
581.39,4.353e+6,,4.353e+6
581.44,5.083e+6,,5.083e+6
581.49,5.849e+6,,5.849e+6
581.54,6.631e+6,,6.631e+6
581.59,7.407e+6,,7.407e+6
581.64,8.154e+6,,8.154e+6
581.69,8.843e+6,,8.843e+6
581.74,9.451e+6,,9.451e+6
581.79,9.952e+6,,9.952e+6
581.84,1.033e+7,,1.033e+7
581.89,1.056e+7,,1.056e+7
581.94,1.064e+7,,1.064e+7
581.99,1.056e+7,,1.056e+7
582.04,1.033e+7,,1.033e+7
582.09,9.952e+6,,9.952e+6
582.14,9.451e+6,,9.451e+6
582.19,8.843e+6,,8.843e+6
582.24,8.154e+6,,8.154e+6
582.29,7.407e+6,,7.407e+6
582.34,6.631e+6,,6.631e+6
582.39,5.849e+6,,5.849e+6
582.44,5.083e+6,,5.083e+6
582.49,4.353e+6,,4.353e+6
582.54,3.674e+6,,3.674e+6
582.59,3.055e+6,,3.055e+6
582.64,2.503e+6,,2.503e+6
582.69,2.020e+6,,2.020e+6
582.74,1.607e+6,,1.607e+6
582.79,1.260e+6,,1.260e+6
582.84,9.728e+5,,9.728e+5
582.89,7.403e+5,,7.403e+5
582.94,5.551e+5,,5.551e+5
582.99,4.101e+5,,4.101e+5
583.04,2.986e+5,,2.986e+5
583.09,2.142e+5,,2.142e+5
583.14,1.514e+5,,1.514e+5
583.19,1.054e+5,,1.054e+5
583.24,7.236e+4,,7.236e+4
583.29,4.893e+4,,4.893e+4
583.34,3.260e+4,,3.260e+4
583.39,2.140e+4,,2.140e+4
583.44,1.385e+4,,1.385e+4
583.49,8.826e+3,,8.826e+3
583.54,5.543e+3,,5.543e+3
583.59,3.431e+3,,3.431e+3
583.64,2.092e+3,,2.092e+3
583.69,1.257e+3,,1.257e+3
583.74,7.443e+2,,7.443e+2
583.79,4.342e+2,,4.342e+2
583.84,2.496e+2,,2.496e+2
583.89,1.414e+2,,1.414e+2
583.94,7.890e+1,,7.890e+1
583.99,4.339e+1,,4.339e+1
584.04,2.351e+1,,2.351e+1
584.09,1.255e+1,,1.255e+1
584.14,6.605e+0,,6.605e+0
584.19,3.424e+0,,3.424e+0
584.24,1.749e+0,,1.749e+0
584.29,8.802e-1,,8.802e-1
584.34,4.365e-1,,4.365e-1
584.39,2.133e-1,,2.133e-1
584.44,1.027e-1,,1.027e-1
584.49,4.873e-2,,4.873e-2
584.54,2.278e-2,,2.278e-2
584.59,1.049e-2,,1.049e-2
584.64,4.763e-3,,4.763e-3
584.69,2.130e-3,,2.130e-3
584.74,9.388e-4,,9.388e-4
584.79,4.077e-4,,4.077e-4
584.84,1.744e-4,,1.744e-4
584.89,7.353e-5,,7.353e-5
584.94,3.055e-5,,3.055e-5
584.99,1.250e-5,,1.250e-5
585.04,5.043e-6,,5.043e-6
585.09,2.004e-6,,2.004e-6
585.14,7.848e-7,,7.848e-7
585.19,3.028e-7,,3.028e-7
585.24,1.151e-7,,1.151e-7
585.29,4.313e-8,,4.313e-8
585.34,1.592e-8,,1.592e-8
585.39,5.791e-9,,5.791e-9
585.44,2.075e-9,,2.075e-9