Wavelength (nm),Gd I (8.5e-03)
366.22,1.188e-8
366.27,5.856e-8
366.32,2.782e-7
366.37,1.274e-6
366.42,5.621e-6
366.47,2.391e-5
366.52,9.802e-5
366.57,3.873e-4
366.62,1.475e-3
366.67,5.415e-3
366.72,1.916e-2
366.77,6.533e-2
366.82,2.147e-1
366.87,6.802e-1
366.92,2.077e+0
366.97,6.111e+0
367.02,1.733e+1
367.07,4.739e+1
367.12,1.249e+2
367.17,3.171e+2
367.22,7.762e+2
367.27,1.831e+3
367.32,4.164e+3
367.37,9.126e+3
367.42,1.928e+4
367.47,3.925e+4
367.52,7.702e+4
367.57,1.457e+5
367.62,2.655e+5
367.67,4.666e+5
367.72,7.901e+5
367.77,1.290e+6
367.82,2.029e+6
367.87,3.076e+6
367.92,4.496e+6
367.97,6.333e+6
368.02,8.598e+6
368.07,1.125e+7
368.12,1.419e+7
368.17,1.725e+7
368.22,2.021e+7
368.27,2.282e+7
368.32,2.484e+7
368.37,2.606e+7
368.42,2.635e+7
368.47,2.568e+7
368.52,2.412e+7
368.57,2.184e+7
368.62,1.905e+7
368.67,1.602e+7
368.72,1.299e+7
368.77,1.015e+7
368.82,7.642e+6
368.87,5.547e+6
368.92,3.880e+6
368.97,2.616e+6
369.02,1.700e+6
369.07,1.065e+6
369.12,6.429e+5
369.17,3.740e+5
369.22,2.098e+5
369.27,1.134e+5
369.32,5.907e+4
369.37,2.966e+4
369.42,1.436e+4
369.47,6.697e+3
369.52,3.011e+3
369.57,1.305e+3
369.62,5.450e+2
369.67,2.194e+2
369.72,8.521e+1
369.77,3.212e+1
369.82,1.237e+1
369.87,6.662e+0
369.92,9.076e+0
369.97,2.203e+1
370.02,5.825e+1
370.07,1.509e+2
370.12,3.774e+2
370.17,9.110e+2
370.22,2.121e+3
370.27,4.760e+3
370.32,1.031e+4
370.37,2.152e+4
370.42,4.335e+4
370.47,8.420e+4
370.52,1.578e+5
370.57,2.851e+5
370.62,4.971e+5
370.67,8.362e+5
370.72,1.357e+6
370.77,2.125e+6
370.82,3.213e+6
370.87,4.689e+6
370.92,6.609e+6
370.97,9.002e+6
371.02,1.185e+7
371.07,1.510e+7
371.12,1.864e+7
371.17,2.230e+7
371.22,2.591e+7
371.27,2.927e+7
371.32,3.223e+7
371.37,3.466e+7
371.42,3.648e+7
371.47,3.765e+7
371.52,3.816e+7
371.57,3.804e+7
371.62,3.731e+7
371.67,3.599e+7
371.72,3.410e+7
371.77,3.169e+7
371.82,2.882e+7
371.87,2.561e+7
371.92,2.217e+7
371.97,1.868e+7
372.02,1.528e+7
372.07,1.212e+7
372.12,9.312e+6
372.17,6.923e+6
372.22,4.977e+6
372.27,3.457e+6
372.32,2.320e+6
372.37,1.503e+6
372.42,9.400e+5
372.47,5.673e+5
372.52,3.304e+5
372.57,1.857e+5
372.62,1.006e+5
372.67,5.263e+4
372.72,2.655e+4
372.77,1.292e+4
372.82,6.063e+3
372.87,2.745e+3
372.92,1.198e+3
372.97,5.047e+2
373.02,2.050e+2
373.07,8.031e+1
373.12,3.034e+1
373.17,1.106e+1
373.22,3.886e+0
373.27,1.317e+0
373.32,4.307e-1
373.37,1.358e-1
373.42,4.130e-2
373.47,1.211e-2
373.52,3.427e-3
373.57,9.350e-4
373.62,2.460e-4
373.67,6.244e-5
373.72,1.528e-5
373.77,3.608e-6
373.82,8.216e-7
373.87,1.804e-7
373.92,3.821e-8
373.97,7.806e-9
376.02,3.909e-9
376.07,1.903e-8
376.12,8.945e-8
376.17,4.060e-7
376.22,1.780e-6
376.27,7.534e-6
376.32,3.080e-5
376.37,1.216e-4
376.42,4.634e-4
376.47,1.706e-3
376.52,6.062e-3
376.57,2.081e-2
376.62,6.897e-2
376.67,2.208e-1
376.72,6.824e-1
376.77,2.037e+0
376.82,5.870e+0
376.87,1.634e+1
376.92,4.392e+1
376.97,1.140e+2
377.02,2.857e+2
377.07,6.914e+2
377.12,1.616e+3
377.17,3.647e+3
377.22,7.950e+3
377.27,1.673e+4
377.32,3.400e+4
377.37,6.674e+4
377.42,1.265e+5
377.47,2.315e+5
377.52,4.091e+5
377.57,6.982e+5
377.62,1.151e+6
377.67,1.831e+6
377.72,2.814e+6
377.77,4.177e+6
377.82,5.986e+6
377.87,8.284e+6
377.92,1.107e+7
377.97,1.429e+7
378.02,1.780e+7
378.07,2.143e+7
378.12,2.490e+7
378.17,2.794e+7
378.22,3.028e+7
378.27,3.169e+7
378.32,3.202e+7
378.37,3.125e+7
378.42,2.944e+7
378.47,2.679e+7
378.52,2.354e+7
378.57,1.998e+7
378.62,1.637e+7
378.67,1.296e+7
378.72,9.899e+6
378.77,7.305e+6
378.82,5.205e+6
378.87,3.582e+6
378.92,2.380e+6
378.97,1.527e+6
379.02,9.462e+5
379.07,5.662e+5
379.12,3.271e+5
379.17,1.825e+5
379.22,9.835e+4
379.27,5.117e+4
379.32,2.571e+4
379.37,1.248e+4
379.42,5.845e+3
379.47,2.645e+3
379.52,1.156e+3
379.57,4.876e+2
379.62,1.986e+2
379.67,7.816e+1
379.72,2.969e+1
379.77,1.089e+1
379.82,3.860e+0
379.87,1.321e+0
379.92,4.363e-1
379.97,1.392e-1
380.02,4.289e-2
380.07,1.276e-2
380.12,3.666e-3
380.17,1.017e-3
380.22,2.724e-4
380.27,7.048e-5
380.32,1.761e-5
380.37,4.248e-6
380.42,9.897e-7
380.47,2.226e-7
380.52,4.837e-8
380.57,1.015e-8
402.93,8.187e-9
402.98,3.538e-8
403.03,1.483e-7
403.08,6.031e-7
403.13,2.379e-6
403.18,9.102e-6
403.23,3.378e-5
403.28,1.216e-4
403.33,4.248e-4
403.38,1.439e-3
403.43,4.730e-3
403.48,1.508e-2
403.53,4.662e-2
403.58,1.398e-1
403.63,4.069e-1
403.68,1.148e+0
403.73,3.144e+0
403.78,8.351e+0
403.83,2.151e+1
403.88,5.376e+1
403.93,1.303e+2
403.98,3.065e+2
404.03,6.991e+2
404.08,1.547e+3
404.13,3.320e+3
404.18,6.913e+3
404.23,1.396e+4
404.28,2.736e+4
404.33,5.200e+4
404.38,9.587e+4
404.43,1.715e+5
404.48,2.975e+5
404.53,5.009e+5
404.58,8.180e+5
404.63,1.296e+6
404.68,1.993e+6
404.73,2.973e+6
404.78,4.304e+6
404.83,6.048e+6
404.88,8.250e+6
404.93,1.093e+7
404.98,1.406e+7
405.03,1.758e+7
405.08,2.137e+7
405.13,2.527e+7
405.18,2.910e+7
405.23,3.266e+7
405.28,3.578e+7
405.33,3.831e+7
405.38,4.018e+7
405.43,4.134e+7
405.48,4.183e+7
405.53,4.170e+7
405.58,4.102e+7
405.63,3.989e+7
405.68,3.837e+7
405.73,3.650e+7
405.78,3.432e+7
405.83,3.185e+7
405.88,2.912e+7
405.93,2.617e+7
405.98,2.308e+7
406.03,1.993e+7
406.08,1.682e+7
406.13,1.386e+7
406.18,1.113e+7
406.23,8.704e+6
406.28,6.621e+6
406.33,4.897e+6
406.38,3.520e+6
406.43,2.458e+6
406.48,1.666e+6
406.53,1.097e+6
406.58,7.018e+5
406.63,4.371e+5
406.68,2.670e+5
406.73,1.641e+5
406.78,1.089e+5
406.83,9.015e+4
406.88,1.038e+5
406.93,1.533e+5
406.98,2.496e+5
407.03,4.119e+5
407.08,6.686e+5
407.13,1.057e+6
407.18,1.624e+6
407.23,2.422e+6
407.28,3.505e+6
407.33,4.923e+6
407.38,6.709e+6
407.43,8.873e+6
407.48,1.139e+7
407.53,1.418e+7
407.58,1.714e+7
407.63,2.010e+7
407.68,2.287e+7
407.73,2.525e+7
407.78,2.706e+7
407.83,2.814e+7
407.88,2.839e+7
407.93,2.780e+7
407.98,2.642e+7
408.03,2.436e+7
408.08,2.179e+7
408.13,1.892e+7
408.18,1.594e+7
408.23,1.304e+7
408.28,1.034e+7
408.33,7.963e+6
408.38,5.949e+6
408.43,4.313e+6
408.48,3.034e+6
408.53,2.072e+6
408.58,1.372e+6
408.63,8.823e+5
408.68,5.504e+5
408.73,3.332e+5
408.78,1.957e+5
408.83,1.116e+5
408.88,6.172e+4
408.93,3.313e+4
408.98,1.726e+4
409.03,8.723e+3
409.08,4.279e+3
409.13,2.037e+3
409.18,9.406e+2
409.23,4.216e+2
409.28,1.834e+2
409.33,7.740e+1
409.38,3.170e+1
409.43,1.260e+1
409.48,4.859e+0
409.53,1.818e+0
409.58,6.604e-1
409.63,2.327e-1
409.68,7.960e-2
409.73,2.642e-2
409.78,8.507e-3
409.83,2.658e-3
409.88,8.061e-4
409.93,2.372e-4
409.98,6.774e-5
410.03,1.877e-5
410.08,5.047e-6
410.13,1.317e-6
410.18,3.335e-7
410.23,8.194e-8
410.28,1.954e-8
410.33,4.520e-9
415.03,3.210e-9
415.08,1.343e-8
415.13,5.457e-8
415.18,2.156e-7
415.23,8.273e-7
415.28,3.086e-6
415.33,1.118e-5
415.38,3.938e-5
415.43,1.348e-4
415.48,4.482e-4
415.53,1.448e-3
415.58,4.548e-3
415.63,1.388e-2
415.68,4.114e-2
415.73,1.185e-1
415.78,3.319e-1
415.83,9.029e-1
415.88,2.387e+0
415.93,6.132e+0
415.98,1.531e+1
416.03,3.713e+1
416.08,8.753e+1
416.13,2.005e+2
416.18,4.463e+2
416.23,9.652e+2
416.28,2.029e+3
416.33,4.143e+3
416.38,8.222e+3
416.43,1.586e+4
416.48,2.971e+4
416.53,5.410e+4
416.58,9.574e+4
416.63,1.646e+5
416.68,2.750e+5
416.73,4.466e+5
416.78,7.046e+5
416.84,1.172e+6
416.89,1.737e+6
416.94,2.500e+6
416.99,3.496e+6
417.04,4.752e+6
417.09,6.276e+6
417.14,8.055e+6
417.19,1.005e+7
417.24,1.217e+7
417.29,1.433e+7
417.34,1.640e+7
417.39,1.824e+7
417.44,1.971e+7
417.49,2.069e+7
417.54,2.111e+7
417.59,2.093e+7
417.64,2.017e+7
417.69,1.888e+7
417.74,1.717e+7
417.79,1.518e+7
417.84,1.304e+7
417.89,1.089e+7
417.94,8.839e+6
417.99,6.978e+6
418.04,5.365e+6
418.09,4.029e+6
418.14,2.977e+6
418.19,2.198e+6
418.24,1.675e+6
418.29,1.387e+6
418.34,1.322e+6
418.39,1.470e+6
418.44,1.832e+6
418.49,2.414e+6
418.54,3.223e+6
418.59,4.262e+6
418.64,5.521e+6
418.69,6.976e+6
418.74,8.578e+6
418.79,1.026e+7
418.84,1.193e+7
418.89,1.348e+7
418.94,1.481e+7
418.99,1.581e+7
419.04,1.641e+7
419.09,1.655e+7
419.14,1.622e+7
419.19,1.545e+7
419.24,1.431e+7
419.29,1.288e+7
419.34,1.127e+7
419.39,9.579e+6
419.44,7.915e+6
419.49,6.357e+6
419.54,4.962e+6
419.59,3.765e+6
419.64,2.776e+6
419.69,1.990e+6
419.74,1.386e+6
419.79,9.384e+5
419.84,6.175e+5
419.89,3.949e+5
419.94,2.455e+5
419.99,1.483e+5
420.04,8.709e+4
420.09,4.971e+4
420.14,2.757e+4
420.19,1.487e+4
420.24,7.789e+3
420.29,3.967e+3
420.34,1.964e+3
420.39,9.448e+2
420.44,4.418e+2
420.49,2.008e+2
420.54,8.869e+1
420.59,3.809e+1
420.64,1.592e+1
420.69,6.551e+0
420.74,2.845e+0
420.79,1.816e+0
420.84,2.627e+0
420.89,6.048e+0
420.94,1.508e+1
420.99,3.715e+1
421.04,8.921e+1
421.09,2.084e+2
421.14,4.733e+2
421.19,1.045e+3
421.24,2.245e+3
421.29,4.688e+3
421.34,9.520e+3
421.39,1.880e+4
421.44,3.609e+4
421.49,6.739e+4
421.54,1.224e+5
421.59,2.160e+5
421.64,3.708e+5
421.69,6.190e+5
421.74,1.005e+6
421.79,1.586e+6
421.84,2.434e+6
421.89,3.632e+6
421.94,5.271e+6
421.99,7.438e+6
422.04,1.021e+7
422.09,1.362e+7
422.14,1.767e+7
422.19,2.229e+7
422.24,2.735e+7
422.29,3.262e+7
422.34,3.784e+7
422.39,4.268e+7
422.44,4.681e+7
422.49,4.992e+7
422.54,5.178e+7
422.59,5.221e+7
422.64,5.120e+7
422.69,4.882e+7
422.74,4.526e+7
422.79,4.081e+7
422.84,3.578e+7
422.89,3.050e+7
422.94,2.528e+7
422.99,2.038e+7
423.04,1.597e+7
423.09,1.217e+7
423.14,9.023e+6
423.19,6.503e+6
423.24,4.557e+6
423.29,3.105e+6
423.34,2.057e+6
423.39,1.326e+6
423.44,8.305e+5
423.49,5.060e+5
423.54,2.997e+5
423.59,1.727e+5
423.64,9.671e+4
423.69,5.267e+4
423.74,2.790e+4
423.79,1.437e+4
423.84,7.195e+3
423.89,3.504e+3
423.94,1.659e+3
423.99,7.639e+2
424.04,3.420e+2
424.09,1.489e+2
424.14,6.304e+1
424.19,2.595e+1
424.24,1.039e+1
424.29,4.043e+0
424.34,1.530e+0
424.39,5.632e-1
424.44,2.016e-1
424.49,7.014e-2
424.54,2.374e-2
424.59,7.810e-3
424.64,2.499e-3
424.69,7.775e-4
424.74,2.352e-4
424.79,6.920e-5
424.84,1.979e-5
424.89,5.506e-6
424.94,1.489e-6
424.99,3.917e-7
425.04,1.002e-7
425.09,2.491e-8
425.14,6.024e-9
428.79,3.200e-9
428.84,1.270e-8
428.89,4.905e-8
428.94,1.845e-7
428.99,6.753e-7
429.04,2.407e-6
429.09,8.351e-6
429.14,2.820e-5
429.19,9.274e-5
429.24,2.968e-4
429.29,9.249e-4
429.34,2.806e-3
429.39,8.284e-3
429.44,2.381e-2
429.49,6.664e-2
429.54,1.816e-1
429.59,4.815e-1
429.64,1.243e+0
429.69,3.124e+0
429.74,7.644e+0
429.79,1.821e+1
429.84,4.221e+1
429.89,9.528e+1
429.94,2.094e+2
429.99,4.478e+2
430.04,9.326e+2
430.09,1.890e+3
430.14,3.731e+3
430.19,7.167e+3
430.24,1.340e+4
430.29,2.440e+4
430.34,4.325e+4
430.39,7.462e+4
430.44,1.253e+5
430.49,2.049e+5
430.54,3.262e+5
430.59,5.054e+5
430.64,7.624e+5
430.69,1.120e+6
430.74,1.601e+6
430.79,2.227e+6
430.84,3.017e+6
430.89,3.980e+6
430.94,5.109e+6
430.99,6.386e+6
431.04,7.769e+6
431.09,9.202e+6
431.14,1.061e+7
431.19,1.191e+7
431.24,1.301e+7
431.29,1.384e+7
431.34,1.434e+7
431.39,1.445e+7
431.44,1.418e+7
431.49,1.355e+7
431.54,1.261e+7
431.59,1.142e+7
431.64,1.007e+7
431.69,8.657e+6
431.74,7.257e+6
431.79,5.944e+6
431.84,4.774e+6
431.89,3.787e+6
431.94,3.006e+6
431.99,2.442e+6
432.04,2.094e+6
432.09,1.954e+6
432.14,2.010e+6
432.19,2.246e+6
432.24,2.644e+6
432.29,3.177e+6
432.34,3.817e+6
432.39,4.527e+6
432.44,5.263e+6
432.49,5.979e+6
432.54,6.624e+6
432.59,7.152e+6
432.64,7.521e+6
432.69,7.702e+6
432.74,7.681e+6
432.79,7.458e+6
432.84,7.051e+6
432.89,6.491e+6
432.94,5.818e+6
432.99,5.077e+6
433.04,4.314e+6
433.09,3.569e+6
433.14,2.875e+6
433.19,2.255e+6
433.24,1.722e+6
433.29,1.280e+6
433.34,9.265e+5
433.39,6.530e+5
433.44,4.481e+5
433.49,2.994e+5
433.54,1.948e+5
433.59,1.234e+5
433.64,7.609e+4
433.69,4.569e+4
433.74,2.671e+4
433.79,1.521e+4
433.84,8.428e+3
433.89,4.548e+3
433.94,2.390e+3
433.99,1.222e+3
434.04,6.089e+2
434.09,2.953e+2
434.14,1.394e+2
434.19,6.410e+1
434.24,2.869e+1
434.29,1.251e+1
434.34,5.307e+0
434.39,2.193e+0
434.44,8.821e-1
434.49,3.455e-1
434.54,1.318e-1
434.59,4.892e-2
434.64,1.769e-2
434.69,6.226e-3
434.74,2.134e-3
434.79,7.120e-4
434.84,2.313e-4
434.89,7.318e-5
434.94,2.254e-5
434.99,6.759e-6
435.04,1.974e-6
435.09,5.611e-7
435.14,1.553e-7
435.19,4.186e-8
435.24,1.098e-8
435.29,2.806e-9
437.54,3.645e-9
437.59,1.413e-8
437.64,5.336e-8
437.69,1.964e-7
437.74,7.046e-7
437.79,2.463e-6
437.84,8.390e-6
437.89,2.785e-5
437.94,9.012e-5
437.99,2.841e-4
438.04,8.730e-4
438.09,2.614e-3
438.14,7.628e-3
438.19,2.169e-2
438.24,6.011e-2
438.29,1.623e-1
438.34,4.272e-1
438.39,1.096e+0
438.44,2.739e+0
438.49,6.671e+0
438.54,1.584e+1
438.59,3.663e+1
438.64,8.258e+1
438.69,1.814e+2
438.74,3.884e+2
438.79,8.103e+2
438.84,1.648e+3
438.89,3.265e+3
438.94,6.304e+3
438.99,1.186e+4
439.04,2.175e+4
439.09,3.888e+4
439.14,6.771e+4
439.19,1.149e+5
439.24,1.901e+5
439.29,3.064e+5
439.34,4.812e+5
439.39,7.367e+5
439.44,1.099e+6
439.49,1.598e+6
439.54,2.263e+6
439.59,3.125e+6
439.64,4.205e+6
439.69,5.513e+6
439.74,7.045e+6
439.79,8.773e+6
439.84,1.065e+7
439.89,1.259e+7
439.94,1.451e+7
439.99,1.630e+7
440.04,1.784e+7
440.09,1.903e+7
440.14,1.978e+7
440.19,2.003e+7
440.24,1.978e+7
440.29,1.903e+7
440.34,1.784e+7
440.39,1.630e+7
440.44,1.451e+7
440.49,1.259e+7
440.54,1.065e+7
440.59,8.773e+6
440.64,7.045e+6
440.69,5.513e+6
440.74,4.205e+6
440.79,3.125e+6
440.84,2.264e+6
440.89,1.599e+6
440.94,1.101e+6
440.99,7.409e+5
441.04,4.891e+5
441.09,3.207e+5
441.14,2.155e+5
441.19,1.590e+5
441.24,1.421e+5
441.29,1.613e+5
441.34,2.183e+5
441.39,3.192e+5
441.44,4.750e+5
441.49,6.999e+5
441.54,1.011e+6
441.59,1.426e+6
441.64,1.962e+6
441.69,2.633e+6
441.74,3.444e+6
441.79,4.392e+6
441.84,5.460e+6
441.89,6.617e+6
441.94,7.820e+6
441.99,9.011e+6
442.04,1.013e+7
442.09,1.111e+7
442.14,1.189e+7
442.19,1.243e+7
442.24,1.271e+7
442.29,1.272e+7
442.34,1.250e+7
442.39,1.209e+7
442.44,1.157e+7
442.49,1.100e+7
442.54,1.047e+7
442.59,1.005e+7
442.64,9.768e+6
442.69,9.664e+6
442.74,9.731e+6
442.79,9.940e+6
442.84,1.024e+7
442.89,1.057e+7
442.94,1.085e+7
442.99,1.103e+7
443.04,1.104e+7
443.09,1.085e+7
443.14,1.045e+7
443.19,9.843e+6
443.24,9.057e+6
443.29,8.136e+6
443.34,7.132e+6
443.39,6.098e+6
443.44,5.085e+6
443.49,4.135e+6
443.54,3.278e+6
443.59,2.534e+6
443.64,1.910e+6
443.69,1.403e+6
443.74,1.005e+6
443.79,7.017e+5
443.84,4.777e+5
443.89,3.170e+5
443.94,2.050e+5
443.99,1.293e+5
444.04,7.950e+4
444.09,4.764e+4
444.14,2.784e+4
444.19,1.585e+4
444.24,8.803e+3
444.29,4.765e+3
444.34,2.514e+3
444.39,1.293e+3
444.44,6.485e+2
444.49,3.170e+2
444.54,1.511e+2
444.59,7.018e+1
444.64,3.178e+1
444.69,1.403e+1
444.74,6.039e+0
444.79,2.534e+0
444.84,1.036e+0
444.89,4.132e-1
444.94,1.606e-1
444.99,6.086e-2
445.04,2.248e-2
445.09,8.095e-3
445.14,2.842e-3
445.19,9.725e-4
445.24,3.244e-4
445.29,1.055e-4
445.34,3.345e-5
445.39,1.034e-5
445.44,3.115e-6
445.49,9.149e-7
445.54,2.620e-7
445.59,7.313e-8
445.64,1.990e-8
445.69,5.278e-9
445.74,1.365e-9
449.25,1.767e-9
449.3,6.611e-9
449.35,2.413e-8
449.4,8.597e-8
449.45,2.988e-7
449.5,1.014e-6
449.55,3.355e-6
449.6,1.084e-5
449.65,3.415e-5
449.7,1.050e-4
449.75,3.153e-4
449.8,9.233e-4
449.85,2.639e-3
449.9,7.358e-3
449.95,2.002e-2
450,5.317e-2
450.05,1.378e-1
450.1,3.484e-1
450.15,8.597e-1
450.2,2.070e+0
450.25,4.864e+0
450.3,1.115e+1
450.35,2.495e+1
450.4,5.447e+1
450.45,1.161e+2
450.5,2.413e+2
450.55,4.895e+2
450.6,9.690e+2
450.65,1.872e+3
450.7,3.528e+3
450.75,6.490e+3
450.8,1.165e+4
450.85,2.041e+4
450.9,3.488e+4
450.95,5.818e+4
451,9.469e+4
451.05,1.504e+5
451.1,2.331e+5
451.15,3.525e+5
451.2,5.202e+5
451.25,7.491e+5
451.3,1.053e+6
451.35,1.444e+6
451.4,1.932e+6
451.45,2.522e+6
451.5,3.214e+6
451.55,3.996e+6
451.6,4.849e+6
451.65,5.741e+6
451.7,6.633e+6
451.75,7.478e+6
451.8,8.227e+6
451.85,8.832e+6
451.9,9.253e+6
451.95,9.459e+6
452,9.436e+6
452.05,9.185e+6
452.1,8.725e+6
452.15,8.087e+6
452.2,7.315e+6
452.25,6.457e+6
452.3,5.561e+6
452.35,4.674e+6
452.4,3.833e+6
452.45,3.068e+6
452.5,2.396e+6
452.55,1.826e+6
452.6,1.358e+6
452.65,9.854e+5
452.7,6.978e+5
452.75,4.822e+5
452.8,3.251e+5
452.85,2.139e+5
452.9,1.374e+5
452.95,8.607e+4
453,5.262e+4
453.05,3.140e+4
453.1,1.828e+4
453.15,1.038e+4
453.2,5.757e+3
453.25,3.114e+3
453.3,1.644e+3
453.35,8.469e+2
453.4,4.257e+2
453.45,2.088e+2
453.5,9.996e+1
453.55,4.669e+1
453.6,2.128e+1
453.65,9.465e+0
453.7,4.108e+0
453.75,1.740e+0
453.8,7.190e-1
453.85,2.900e-1
453.9,1.141e-1
453.95,4.382e-2
454,1.642e-2
454.05,6.005e-3
454.1,2.143e-3
454.15,7.462e-4
454.2,2.535e-4
454.25,8.407e-5
454.3,2.720e-5
454.35,8.588e-6
454.4,2.646e-6
454.45,7.955e-7
454.5,2.334e-7
454.55,6.681e-8
454.6,1.866e-8
454.65,5.088e-9
454.7,1.353e-9